IGOR
WAVES/D/O/N=(64, 64)	Hess
BEGIN
      171.612       257.753       1289.04       5176.67       9866.69       7808.37       2144.54       988.454       1284.67       2052.08       1656.06       730.308       419.786       411.037       466.105       371.276       179.493        70.481        28.248       13.0376       7.89679       7.09978       9.63271       15.6654       16.9444       7.54673        2.3311       1.01025      0.873583       1.40785       2.64828  -0.000294206   -0.00294635    -0.0088993   -0.00405322     0.0464289     0.0566654     0.0109622    0.00157298   -0.00125955   -0.00518283   -0.00562112   -0.00266597   -0.00155952   -0.00153341   -0.00174391   -0.00139639  -0.000676585  -0.000262895  -0.000103903 -4.75628e-005 -2.87747e-005 -2.59709e-005 -3.54912e-005 -5.83303e-005 -6.40795e-005 -2.90662e-005 -9.10891e-006 -3.98603e-006 -3.46859e-006 -5.61296e-006 -1.06689e-005      -3.26347             0
      257.753       531.018       2342.23       9498.97       18146.4       14450.7       4016.65        1875.9       2464.37          3968       3220.84       1425.79       821.799       806.339       915.832       730.423       353.458        138.88       55.6866       25.7109       15.5777       14.0092       19.0117       30.9247       33.4569       14.9043       4.60455       1.99575       1.72592       2.78163       5.23332    0.00153889   -0.00172557   -0.00329424     0.0288126      0.129684      0.125649     0.0232996    0.00297262    -0.0040437    -0.0149068    -0.0164199   -0.00816528   -0.00499865    -0.0050999   -0.00596357   -0.00487022    -0.0023967  -0.000947082  -0.000380132  -0.000175895  -0.000107055 -9.68626e-005   -0.00013237  -0.000217068  -0.000237287  -0.000106933  -3.3339e-005 -1.45403e-005 -1.26265e-005 -2.04061e-005 -3.86709e-005     -0.158398             0
      1289.04       2342.23       11185.8       45708.8       88733.2       71574.4       20047.5       9415.57       12437.4       20129.6       16413.2       7294.03       4217.46        4148.5       4721.04       3770.96       1826.93       718.494         288.3       133.182       80.7248       72.6187       98.5712       160.363       173.513       77.3017       23.8829        10.352       8.95265       14.4292       27.1493    0.00309072    -0.0118565    -0.0327036     0.0679171      0.513844      0.557472      0.109419     0.0156453    -0.0162659    -0.0657159      -0.07384    -0.0367683    -0.0224667    -0.0228796     -0.026726    -0.0218216    -0.0107359   -0.00423514   -0.00169636  -0.000783966  -0.000477016   -0.00043179  -0.000590603  -0.000969824    -0.0010623  -0.000479869  -0.000149892 -6.54554e-005 -5.68862e-005 -9.19844e-005   -0.00017455       1.56514             0
      5176.67       9498.97       45708.8        190931        378377        310655         87781       41443.3       55051.5         89627       73491.3       32833.2       19069.9       18826.4       21486.1       17200.2       8347.51       3287.53       1320.62       610.582       370.316       333.276       452.523       736.349       796.816       355.004       109.684       47.5436       41.1179       66.2724       124.707    -0.0145025    -0.0814219     -0.282514     -0.297061       1.21364       1.86106       0.40689     0.0692256    -0.0372657     -0.193654      -0.22215     -0.106875    -0.0626927    -0.0616079    -0.0700159    -0.0560891    -0.0271675    -0.0105011   -0.00412213   -0.00187861   -0.00113514   -0.00102576   -0.00140577   -0.00232069   -0.00256648   -0.00117325  -0.000369912  -0.000162521  -0.000141789  -0.000229831  -0.000438692       1.42263             0
      9866.69       18146.4       88733.2        378377        768339        644768        184523         87849        117717        193396        159960       72056.8       42150.2       41855.5       47991.6         38559       18766.9       7408.39       2981.54       1380.45         838.1       754.834       1025.45       1669.22       1806.64       804.975       248.722       107.817         93.25       150.304       282.879    -0.0736113     -0.215281     -0.830835      -1.78616      0.257034       2.46751      0.647214      0.133368   -0.00444009     -0.169202     -0.191432    -0.0691991    -0.0250853    -0.0105478    0.00124938    0.00896443    0.00757596    0.00443188    0.00231988    0.00124821   0.000817871   0.000760245    0.00103545    0.00164566    0.00167795   0.000684609   0.000195659  8.02529e-005  6.69135e-005   0.000105324   0.000187005     -0.181063             0
      7808.37       14450.7       71574.4        310655        644768        553552        161086       77761.7        105661        176036        147537         67284       39781.1       39856.3       46030.7       37196.5       18186.4       7205.69       2908.44       1349.62       820.749       740.116       1006.36       1639.17       1774.83       790.986       244.441       105.976       91.6689        147.77       278.202    -0.0751711     -0.189248     -0.775864      -2.04628      -1.09885       1.13729      0.393599     0.0939776     0.0306408   -0.00072982     0.0226038     0.0559715     0.0633944     0.0908097      0.130779      0.121936     0.0661099     0.0287059      0.012472    0.00608678    0.00381868    0.00350498    0.00480564    0.00782925    0.00840068    0.00368684    0.00112475   0.000483554   0.000416148   0.000668812    0.00125139       5.54067             0
      2144.54       4016.65       20047.5         87781        184523        161086       47782.2       23490.8       32573.9       55306.9       47176.7       21855.7       13099.3         13276         15479       12604.8       6200.79       2468.83       1000.32       465.558       283.768       256.336       349.011       569.042       616.596       274.949       85.0041        36.865       31.8958       51.4256       96.8761    -0.0167281    -0.0431833     -0.182107     -0.498295     -0.288482      0.284709      0.103687     0.0243887    0.00450314    -0.0101698   -0.00255622     0.0138712     0.0188489      0.028975     0.0434506     0.0416074      0.023002     0.0101485     0.0044642    0.00219811    0.00138753     0.0012789    0.00175836    0.00286933    0.00308019    0.00135131   0.000412078   0.000177125   0.000152427   0.000244983   0.000458566       -3.2858             0
      988.454        1875.9       9415.57       41443.3         87849       77761.7       23490.8       11850.4       16784.2       29212.1       25480.4       12042.8       7345.83       7558.09       8924.59       7343.58       3643.06        1460.1       594.672       277.893        169.92       153.874       209.908       342.756       371.839       165.965       51.3472       22.2806       19.2852        31.103        58.648   -0.00474698    -0.0137618    -0.0585771      -0.15185    -0.0377327      0.175415      0.056715     0.0131494   -0.00104107    -0.0212434    -0.0240803   -0.00665931   0.000146276    0.00445044    0.00965951     0.0108452    0.00660404    0.00316785    0.00148364   0.000759388   0.000489626   0.000455838    0.00062836     0.0010212    0.00108249   0.000465969   0.000139783    5.941e-005  5.07563e-005  8.12033e-005   0.000150371       -4.2254             0
      1284.67       2464.37       12437.4       55051.5        117717        105661       32573.9       16784.2         24514         43792       39280.7       19042.3       11885.7       12478.9       14992.2       12515.8       6282.55       2541.72       1042.88       490.194        301.11       273.652       374.345       612.593       665.717       297.538       92.1507       40.0177       34.6583       55.9215       105.592   -0.00335351    -0.0116252    -0.0493898       -0.1131     0.0558422      0.277503     0.0856306     0.0213135   -0.00182891    -0.0442501    -0.0604517    -0.0275182    -0.0133589   -0.00945225   -0.00635298   -0.00194267   0.000531487    0.00095787   0.000687038   0.000422951   0.000295798    0.00028378   0.000390904   0.000616929   0.000608429   0.000233478  6.25539e-005  2.43463e-005  1.95375e-005  2.99507e-005  4.95244e-005     -0.184382             0
      2052.08          3968       20129.6         89627        193396        176036       55306.9       29212.1         43792       80783.1       74718.5       37351.6       23983.5       25834.6       31741.2       27007.7       13772.6       5643.45       2339.23       1108.43       685.212       625.831       859.431       1410.65        1536.6       688.048       213.399       92.7713       80.4122       129.826       245.612   -0.00265112    -0.0118809    -0.0498978    -0.0918134         0.187      0.477548      0.147759     0.0408135    0.00223638    -0.0801271     -0.126512    -0.0671131    -0.0397192    -0.0372246    -0.0390441    -0.0286442    -0.0123678   -0.00371639   -0.00096404  -0.000261209  -9.6094e-005 -6.72726e-005  -0.000103559   -0.00025039  -0.000449438  -0.000305864  -0.000121372 -6.05079e-005  -5.6768e-005 -9.61252e-005  -0.000202573       3.00927             0
      1656.06       3220.84       16413.2       73491.3        159960        147537       47176.7       25480.4       39280.7       74718.5       71539.2       36967.5       24543.7       27254.9       34416.1       29988.7       15602.9       6499.89       2730.48       1307.73       815.297       749.612       1034.77       1705.31       1863.41       836.431       259.909       113.152       98.1843       158.649        300.92  -0.000910275   -0.00611351    -0.0251265    -0.0306136      0.185195      0.381148      0.120564     0.0369615    0.00863146    -0.0597085     -0.110506    -0.0646247    -0.0419822    -0.0433052    -0.0501547    -0.0406012    -0.0194219   -0.00678059   -0.00224553  -0.000870531  -0.000479149  -0.000428151    -0.0006204   -0.00114614    -0.0014995  -0.000815947   -0.00028979   -0.00013684  -0.000124763  -0.000207908  -0.000424272       2.45841             0
      730.308       1425.79       7294.03       32833.2       72056.8         67284       21855.7       12042.8       19042.3       37351.6       36967.5       19836.6       13620.7       15676.6       20433.2       18318.1       9767.93       4154.24       1775.15        862.02        543.38       503.968       700.428       1160.42       1273.19        573.29       178.571        77.885       67.6775       109.473       208.352  -0.000240549   -0.00196757   -0.00807273   -0.00793285     0.0729682      0.147327     0.0483505     0.0160237    0.00586046    -0.0211448    -0.0453371    -0.0278631    -0.0186243    -0.0195102    -0.0227451    -0.0184846   -0.00878456    -0.0028854  -0.000829996   -0.00026265  -0.000121077  -0.000103377  -0.000164515  -0.000361513  -0.000575551  -0.000363144  -0.000139631 -6.87517e-005 -6.41894e-005   -0.00010851  -0.000228904      -1.86761             0
      419.786       821.799       4217.46       19069.9       42150.2       39781.1       13099.3       7345.83       11885.7       23983.5       24543.7       13620.7       9754.79       11605.5       15697.3         14537       7980.13       3480.14       1518.86       750.515       479.793       450.007       630.973       1052.57          1161       524.917       164.019        71.711       62.4283       101.125       193.335  -0.000114487  -0.000891319   -0.00370424   -0.00393765     0.0332146     0.0696647     0.0237301    0.00832407    0.00379746   -0.00931769    -0.0228099    -0.0144101   -0.00963045   -0.00984498    -0.0109449   -0.00837467   -0.00360484  -0.000815546  9.34991e-006   0.000136837   0.000132041   0.000135326   0.000173864   0.000210631  6.58994e-005 -6.85272e-005  -4.6675e-005 -2.79209e-005 -2.85779e-005 -5.07956e-005  -0.000118792      -2.03005             0
      411.037       806.339        4148.5       18826.4       41855.5       39856.3         13276       7558.09       12478.9       25834.6       27254.9       15676.6       11605.5         14425       20202.9         19418       11017.8        4948.9       2215.63        1118.5       727.726       692.302       981.725       1652.27       1835.09       834.111       261.704       114.784       100.169       162.563       312.652  -0.000106137  -0.000711685   -0.00301306   -0.00388903     0.0240938     0.0539294     0.0190021    0.00693447    0.00354061   -0.00708652    -0.0191569    -0.0122725   -0.00806075   -0.00776422   -0.00761796   -0.00470405   -0.00116563   0.000598548    0.00082525   0.000628292   0.000485646   0.000486993   0.000673448     0.0010163   0.000867219   0.000236047  3.30306e-005  2.21738e-006  -5.0629e-006 -1.56096e-005 -6.58432e-005      -0.35428             0
      466.105       915.832       4721.04       21486.1       47991.6       46030.7         15479       8924.59       14992.2       31741.2       34416.1       20433.2       15697.3       20202.9       29515.9       29431.4       17336.1       8051.55       3713.63        1923.3       1278.43       1237.72       1780.12       3029.73       3394.61       1553.51       490.002       215.796       188.914       307.328       595.675  -0.000115575  -0.000665491   -0.00287134   -0.00446662     0.0193189     0.0470321     0.0170704    0.00638812    0.00340541   -0.00656798    -0.0186365    -0.0120231   -0.00771969   -0.00682742   -0.00518967   -0.00111182    0.00179574    0.00267824    0.00218918    0.00151743    0.00115955    0.00118202     0.0016866    0.00267807    0.00253156   0.000866345   0.000196518   6.3448e-005  4.23206e-005   5.4849e-005  3.79796e-005       1.09965             0
      371.276       730.423       3770.96       17200.2         38559       37196.5       12604.8       7343.58       12515.8       27007.7       29988.7       18318.1         14537         19418       29431.4       30593.9         18700       9020.92       4300.98       2294.13        1563.8       1546.09       2262.01       3903.12       4420.89       2040.42       647.857       286.785        252.06       411.309       805.095 -8.55787e-005  -0.000435819   -0.00191185   -0.00343771     0.0105378     0.0283009      0.010536    0.00399778    0.00211737   -0.00450252    -0.0128024   -0.00831675   -0.00526649   -0.00428767   -0.00208166    0.00187614    0.00373118    0.00380827    0.00291094    0.00202158    0.00157791    0.00165168    0.00242359    0.00396979    0.00391826    0.00143524   0.000356248   0.000127524  9.47231e-005    0.00013614   0.000175649       1.35972             0
      179.493       353.458       1826.93       8347.51       18766.9       18186.4       6200.79       3643.06       6282.55       13772.6       15602.9       9767.93       7980.13       11017.8       17336.1         18700       11932.5       5954.83       2953.91       1626.14       1140.48       1155.13       1724.19       3023.89       3469.77       1617.92        517.85       230.678       203.734       333.701       661.171  -3.9988e-005  -0.000177546  -0.000793534   -0.00166334    0.00311158    0.00994125    0.00379654    0.00143269   0.000671693   -0.00207615   -0.00547485   -0.00356212   -0.00224604   -0.00171584  -0.000347549    0.00193675    0.00281313    0.00268293    0.00205893    0.00147026    0.00118687    0.00128431    0.00194392    0.00328129    0.00335121    0.00128276   0.000334658    0.00012583  9.76929e-005   0.000145712    0.00021749     -0.195546             0
       70.481        138.88       718.494       3287.53       7408.39       7205.69       2468.83        1460.1       2541.72       5643.45       6499.89       4154.24       3480.14        4948.9       8051.55       9020.92       5954.83       3125.72       1582.64       913.141       658.327        684.92       1045.74       1868.55       2176.57       1027.12       331.877       148.939       132.309       217.689       437.696 -1.80376e-005 -6.51127e-005  -0.000299682  -0.000779706   0.000325454    0.00245142    0.00097904   0.000341243  4.63484e-005  -0.000989398    -0.0021079    -0.0013496  -0.000856574  -0.000644638 -1.94309e-005    0.00107867    0.00151506    0.00144096    0.00113232   0.000839526   0.000706313   0.000795837    0.00125139    0.00219259     0.0023361   0.000942848   0.000260367    0.00010319  8.37662e-005   0.000129445   0.000218579     -0.335121             0
       28.248       55.6866         288.3       1320.62       2981.54       2908.44       1000.32       594.672       1042.88       2339.23       2730.48       1775.15       1518.86       2215.63       3713.63       4300.98       2953.91       1582.64       868.495         489.9       378.479       401.942       629.112       1147.79       1360.02       650.673       212.567       96.2317        86.075        142.38        291.38 -8.46608e-006 -2.57094e-005  -0.000121729  -0.000375952  -0.000205076   0.000467263   0.000207893  5.17681e-005 -7.74017e-005  -0.000510813  -0.000894753  -0.000567191  -0.000374776  -0.000313437 -8.38627e-005   0.000413088   0.000677553   0.000690256   0.000571827   0.000446151   0.000394311   0.000465259   0.000763276    0.00139174    0.00154552   0.000653367   0.000188872   7.7892e-005  6.52933e-005   0.000103427    0.00018935     0.0311448             0
      13.0376       25.7109       133.182       610.582       1380.45       1349.62       465.558       277.893       490.194       1108.43       1307.73        862.02       750.515        1118.5        1923.3       2294.13       1626.14       913.141         489.9       326.029       224.914       264.961       420.847       785.524       948.711       461.051       152.546       69.7681        62.912       104.729       218.946 -4.23874e-006 -1.15256e-005 -5.57052e-005  -0.000191317  -0.000204383  3.86999e-005  3.11744e-005 -6.43727e-006 -7.07823e-005  -0.000279769  -0.000436061  -0.000277929  -0.000194825  -0.000189136  -0.000124717  9.80582e-005   0.000270755   0.000321138   0.000289353   0.000240729   0.000225005   0.000279187   0.000479201   0.000910153    0.00105019   0.000460957   0.000137938  5.85862e-005  5.02951e-005  8.11726e-005    0.00015828    -0.0230595             0
      7.89679       15.5777       80.7248       370.316         838.1       820.749       283.768        169.92        301.11       685.212       815.297        543.38       479.793       727.726       1278.43        1563.8       1140.48       658.327       378.479       224.914        207.84       202.686       358.479       679.691       838.288       414.614       139.189       64.4164       58.6399       98.3542       210.949 -2.59452e-006 -6.57665e-006 -3.22419e-005  -0.000118326  -0.000162056 -4.74911e-005 -7.81961e-006 -1.62025e-005 -5.63371e-005  -0.000184199  -0.000269016  -0.000173718  -0.000128896  -0.000141835  -0.000138796 -2.70734e-005     0.0001023     0.0001656   0.000168392   0.000151287   0.000150414   0.000197027   0.000355061   0.000704605   0.000845883   0.000385112   0.000119195  5.21666e-005  4.59457e-005  7.57369e-005   0.000159586     -0.331408             0
      7.09978       14.0092       72.6187       333.276       754.834       740.116       256.336       153.874       273.652       625.831       749.612       503.968       450.007       692.302       1237.72       1546.09       1155.13        684.92       401.942       264.961       202.686       270.513        415.39       842.429        1058.7       533.824       182.141       85.4317       78.6213       133.021       294.053 -2.24602e-006 -5.42882e-006 -2.68878e-005  -0.000103164  -0.000161115  -8.1353e-005 -2.21331e-005 -2.11841e-005 -5.67742e-005  -0.000168845  -0.000237314  -0.000155459   -0.00012093   -0.00014603  -0.000176308  -0.000106439  2.18712e-005   0.000105038   0.000128673    0.00012691   0.000135078   0.000187622    0.00035678   0.000744419    0.00093657   0.000446061   0.000144303  6.58369e-005  6.01618e-005   0.000102301   0.000242118     -0.766972             0
      9.63271       19.0117       98.5712       452.523       1025.45       1006.36       349.011       209.908       374.345       859.431       1034.77       700.428       630.973       981.725       1780.12       2262.01       1724.19       1045.74       629.112       420.847       358.479        415.39       765.334       1490.55       1943.66       998.725         346.8       165.079       153.774       262.742       601.511 -2.82906e-006 -6.61181e-006 -3.29936e-005  -0.000130607   -0.00022102  -0.000137509 -4.13658e-005  -3.3074e-005 -7.89366e-005  -0.000222305  -0.000305092   -0.00020248  -0.000163479  -0.000211171  -0.000289285  -0.000238374 -6.25109e-005  7.47588e-005    0.00013071   0.000145525   0.000167291   0.000247776   0.000500552    0.00110834     0.0014792    0.00074845   0.000257532   0.000124527   0.000119701   0.000212219   0.000582071      -1.11468             0
      15.6654       30.9247       160.363       736.349       1669.22       1639.17       569.042       342.756       612.593       1410.65       1705.31       1160.42       1052.57       1652.27       3029.73       3903.12       3023.89       1868.55       1147.79       785.524       679.691       842.429       1490.55       3120.38       4086.83       2157.55       761.989       368.468         347.8       600.764       1432.07 -4.07773e-006 -9.32073e-006 -4.67511e-005  -0.000188922  -0.000335607  -0.000231225 -7.24304e-005 -5.38527e-005  -0.000121281  -0.000331293  -0.000448682  -0.000301158  -0.000250089  -0.000338857  -0.000502916  -0.000481346  -0.000214788  2.31972e-005   0.000137814   0.000181929   0.000228499   0.000363044   0.000784753    0.00186241    0.00267023    0.00145682    0.00054066   0.000279914   0.000284801   0.000528206    0.00168166      0.340908             0
      16.9444       33.4569       173.513       796.816       1806.64       1774.83       616.596       371.839       665.717        1536.6       1863.41       1273.19          1161       1835.09       3394.61       4420.89       3469.77       2176.57       1360.02       948.711       838.288        1058.7       1943.66       4086.83       5558.97        2960.3       1074.26       526.512       504.031       881.043       2200.88 -3.56851e-006 -8.09106e-006   -4.067e-005  -0.000165657   -0.00029954  -0.000213473  -6.7778e-005 -4.94013e-005  -0.000109418  -0.000296629  -0.000401442  -0.000272228  -0.000230479  -0.000321999  -0.000501403  -0.000519415  -0.000277642 -3.93855e-005  8.64348e-005   0.000142032   0.000195247   0.000332617   0.000771254    0.00197267    0.00305985    0.00181184   0.000727521   0.000402973   0.000432714    0.00083666    0.00304857       3.11059             0
      7.54673       14.9043       77.3017       355.004       804.975       790.986       274.949       165.965       297.538       688.048       836.431        573.29       524.917       834.111       1553.51       2040.42       1617.92       1027.12       650.673       461.051       414.614       533.824       998.725       2157.55        2960.3       1645.39       584.514       301.429       289.828       513.169       1354.36 -1.14043e-006 -2.60607e-006  -1.3083e-005 -5.29624e-005 -9.44151e-005 -6.54943e-005 -2.06434e-005 -1.53975e-005 -3.48547e-005 -9.60218e-005  -0.000131678 -9.01707e-005 -7.71894e-005   -0.00010951  -0.000174534  -0.000187647  -0.000107401 -2.26426e-005  2.46108e-005  4.69775e-005  6.85353e-005   0.000123246   0.000304305    0.00083626    0.00140074   0.000897117   0.000387062   0.000227418   0.000255709   0.000512257    0.00210229       0.56843             0
       2.3311       4.60455       23.8829       109.684       248.722       244.441       85.0041       51.3472       92.1507       213.399       259.909       178.571       164.019       261.704       490.002       647.857        517.85       331.877       212.567       152.546       139.189       182.141         346.8       761.989       1074.26       584.514       241.565       100.842       114.862       200.661       566.165 -2.40775e-007 -5.58636e-007  -2.7965e-006 -1.11769e-005 -1.93324e-005 -1.26115e-005 -3.89507e-006 -3.05155e-006 -7.20663e-006 -2.04037e-005 -2.85166e-005 -1.96945e-005 -1.69578e-005 -2.42165e-005 -3.89712e-005 -4.25842e-005 -2.49735e-005 -5.45396e-006  5.82696e-006  1.14242e-005  1.71205e-005  3.20005e-005  8.33509e-005   0.000244212   0.000438172   0.000300497   0.000137637  8.48231e-005  9.90007e-005   0.000204217   0.000932748      -1.09536             0
      1.01025       1.99575        10.352       47.5436       107.817       105.976        36.865       22.2806       40.0177       92.7713       113.152        77.885        71.711       114.784       215.796       286.785       230.678       148.939       96.2317       69.7681       64.4164       85.4317       165.079       368.468       526.512       301.429       100.842       77.1526       46.2354       110.063       327.816 -7.15707e-008 -1.68723e-007  -8.4207e-007 -3.32003e-006  -5.5528e-006 -3.35813e-006 -1.00829e-006 -8.41505e-007  -2.0874e-006 -6.08383e-006 -8.66354e-006 -6.02449e-006 -5.20378e-006 -7.44982e-006 -1.20317e-005 -1.32371e-005 -7.81508e-006 -1.59671e-006  2.09333e-006  3.99658e-006  6.06419e-006  1.16809e-005  3.18376e-005  9.85052e-005    0.00018721    0.00013576  6.52145e-005  4.17523e-005  5.02468e-005   0.000106274   0.000538561      -1.30613             0
     0.873583       1.72592       8.95265       41.1179         93.25       91.6689       31.8958       19.2852       34.6583       80.4122       98.1843       67.6775       62.4283       100.169       188.914        252.06       203.734       132.309        86.075        62.912       58.6399       78.6213       153.774         347.8       504.031       289.828       114.862       46.2354       78.4369       98.3974       378.969 -4.33047e-008 -1.03503e-007 -5.15228e-007 -2.00744e-006 -3.25625e-006 -1.82332e-006 -5.30068e-007 -4.73811e-007 -1.23257e-006 -3.68674e-006 -5.33407e-006 -3.72895e-006 -3.22704e-006 -4.62412e-006 -7.47686e-006 -8.25014e-006 -4.87214e-006 -9.00601e-007  1.50476e-006  2.78702e-006    4.265e-006  8.42422e-006  2.38536e-005  7.71842e-005   0.000153654   0.000116477  5.81036e-005  3.83708e-005  4.73941e-005   0.000102503   0.000579283      -1.24271             0
      1.40785       2.78163       14.4292       66.2724       150.304        147.77       51.4256        31.103       55.9215       129.826       158.649       109.473       101.125       162.563       307.328       411.309       333.701       217.689        142.38       104.729       98.3542       133.021       262.742       600.764       881.043       513.169       200.661       110.063       98.3974       224.491       792.372 -5.01357e-008 -1.21014e-007 -6.01294e-007 -2.32298e-006 -3.68332e-006  -1.9363e-006 -5.46627e-007 -5.18914e-007 -1.40155e-006  -4.2737e-006 -6.25461e-006 -4.38952e-006  -3.8046e-006 -5.45704e-006 -8.83506e-006 -9.77572e-006 -5.78055e-006 -9.92504e-007  1.95462e-006   3.5689e-006  5.51455e-006  1.11377e-005  3.25656e-005   0.000109283   0.000225746    0.00017723  9.11182e-005  6.17369e-005  7.79964e-005    0.00017217    0.00109747      0.975153             0
      2.64828       5.23332       27.1493       124.707       282.879       278.202       96.8761        58.648       105.592       245.612        300.92       208.352       193.335       312.652       595.675       805.095       661.171       437.696        291.38       218.946       210.949       294.053       601.511       1432.07       2200.88       1354.36       566.165       327.816       378.969       792.372       11316.5             0             0             0             0             0             0             0             0             0             0             0             0             0             0             0             0             0             0             0             0             0             0             0             0             0             0             0             0             0             0             0      0.479709             0
 -0.000294206    0.00153889    0.00309072    -0.0145025    -0.0736113    -0.0751711    -0.0167281   -0.00474698   -0.00335351   -0.00265112  -0.000910275  -0.000240549  -0.000114487  -0.000106137  -0.000115575 -8.55787e-005  -3.9988e-005 -1.80376e-005 -8.46608e-006 -4.23874e-006 -2.59452e-006 -2.24602e-006 -2.82906e-006 -4.07773e-006 -3.56851e-006 -1.14043e-006 -2.40775e-007 -7.15707e-008 -4.33047e-008 -5.01357e-008             0  3.92827e-006  7.36081e-007  5.40177e-006  1.83598e-005  2.85469e-005  1.80568e-005  4.01541e-006  1.49242e-006  1.53576e-006  1.91624e-006  1.19781e-006  4.07354e-007  1.79993e-007  1.35124e-007   1.1723e-007  7.13196e-008  2.63084e-008  7.88671e-009  2.41509e-009  8.51925e-010  3.94432e-010   2.7113e-010  2.81309e-010  3.49653e-010  2.88128e-010  9.72344e-011  2.27062e-011  7.44095e-012   4.8695e-012  5.94473e-012             0             0   -0.00137863
  -0.00294635   -0.00172557    -0.0118565    -0.0814219     -0.215281     -0.189248    -0.0431833    -0.0137618    -0.0116252    -0.0118809   -0.00611351   -0.00196757  -0.000891319  -0.000711685  -0.000665491  -0.000435819  -0.000177546 -6.51127e-005 -2.57094e-005 -1.15256e-005 -6.57665e-006 -5.42882e-006 -6.61181e-006 -9.32073e-006 -8.09106e-006 -2.60607e-006 -5.58636e-007 -1.68723e-007 -1.03503e-007 -1.21014e-007             0  7.36081e-007  3.43514e-006  8.46728e-006  3.11394e-005  4.90348e-005  3.17225e-005   7.3125e-006  2.81857e-006  2.98463e-006  3.80284e-006  2.41319e-006  8.29439e-007  3.69481e-007  2.79173e-007  2.43476e-007  1.48759e-007  5.50774e-008  1.65787e-008  5.10136e-009  1.80906e-009  8.42195e-010  5.82203e-010  6.07521e-010  7.59017e-010  6.27118e-010  2.11368e-010  4.92255e-011  1.60919e-011  1.05117e-011  1.28182e-011             0             0   -0.00145345
   -0.0088993   -0.00329424    -0.0327036     -0.282514     -0.830835     -0.775864     -0.182107    -0.0585771    -0.0493898    -0.0498978    -0.0251265   -0.00807273   -0.00370424   -0.00301306   -0.00287134   -0.00191185  -0.000793534  -0.000299682  -0.000121729 -5.57052e-005 -3.22419e-005 -2.68878e-005 -3.29936e-005 -4.67511e-005   -4.067e-005  -1.3083e-005  -2.7965e-006  -8.4207e-007 -5.15228e-007 -6.01294e-007             0  5.40177e-006  8.46728e-006  3.98364e-005    0.00013774   0.000227593   0.000152682  3.59726e-005  1.41036e-005  1.51893e-005  1.96608e-005  1.26485e-005  4.39704e-006   1.9764e-006  1.50379e-006  1.31851e-006  8.08842e-007  3.00349e-007  9.05574e-008  2.78793e-008  9.88378e-009   4.5975e-009  3.17426e-009  3.30723e-009   4.1258e-009  3.40692e-009  1.14943e-009  2.68094e-010  8.77556e-011  5.73804e-011  7.00152e-011             0             0  -0.000573395
  -0.00405322     0.0288126     0.0679171     -0.297061      -1.78616      -2.04628     -0.498295      -0.15185       -0.1131    -0.0918134    -0.0306136   -0.00793285   -0.00393765   -0.00388903   -0.00446662   -0.00343771   -0.00166334  -0.000779706  -0.000375952  -0.000191317  -0.000118326  -0.000103164  -0.000130607  -0.000188922  -0.000165657 -5.29624e-005 -1.11769e-005 -3.32003e-006 -2.00744e-006 -2.32298e-006             0  1.83598e-005  3.11394e-005    0.00013774   0.000524511    0.00091097   0.000641345   0.000154897  6.17575e-005  6.77345e-005  8.93256e-005  5.84723e-005  2.06397e-005    9.393e-006  7.21644e-006   6.3742e-006  3.93198e-006  1.46575e-006  4.42711e-007  1.36251e-007  4.82172e-008  2.23657e-008  1.53869e-008  1.59656e-008   1.9839e-008  1.63539e-008  5.52823e-009  1.29355e-009  4.24618e-010  2.78226e-010  3.39948e-010             0             0  -0.000283631
    0.0464289      0.129684      0.513844       1.21364      0.257034      -1.09885     -0.288482    -0.0377327     0.0558422         0.187      0.185195     0.0729682     0.0332146     0.0240938     0.0193189     0.0105378    0.00311158   0.000325454  -0.000205076  -0.000204383  -0.000162056  -0.000161115   -0.00022102  -0.000335607   -0.00029954 -9.44151e-005 -1.93324e-005  -5.5528e-006 -3.25625e-006 -3.68332e-006             0  2.85469e-005  4.90348e-005   0.000227593    0.00091097    0.00169475    0.00126238   0.000316046   0.000129307   0.000145676   0.000197381   0.000132513  4.78457e-005  2.21868e-005  1.73023e-005  1.54611e-005  9.62194e-006  3.60993e-006  1.09419e-006  3.37005e-007  1.19099e-007  5.50872e-008  3.77457e-008  3.89737e-008  4.81956e-008  3.96447e-008  1.34351e-008  3.15666e-009  1.03994e-009  6.83238e-010  8.36248e-010             0             0   0.000190389
    0.0566654      0.125649      0.557472       1.86106       2.46751       1.13729      0.284709      0.175415      0.277503      0.477548      0.381148      0.147327     0.0696647     0.0539294     0.0470321     0.0283009    0.00994125    0.00245142   0.000467263  3.86999e-005 -4.74911e-005  -8.1353e-005  -0.000137509  -0.000231225  -0.000213473 -6.54943e-005 -1.26115e-005 -3.35813e-006 -1.82332e-006  -1.9363e-006             0  1.80568e-005  3.17225e-005   0.000152682   0.000641345    0.00126238     0.0010014   0.000261508   0.000111505   0.000130607   0.000183794   0.000127769  4.75906e-005  2.26544e-005  1.80477e-005  1.64028e-005  1.03439e-005  3.92003e-006  1.19639e-006  3.69937e-007   1.3095e-007  6.05606e-008   4.1433e-008  4.26704e-008  5.26158e-008  4.32336e-008  1.46848e-008  3.46199e-009  1.14388e-009  7.53165e-010  9.23148e-010             0             0    0.00104308
    0.0109622     0.0232996      0.109419       0.40689      0.647214      0.393599      0.103687      0.056715     0.0856306      0.147759      0.120564     0.0483505     0.0237301     0.0190021     0.0170704      0.010536    0.00379654    0.00097904   0.000207893  3.11744e-005 -7.81961e-006 -2.21331e-005 -4.13658e-005 -7.24304e-005  -6.7778e-005 -2.06434e-005 -3.89507e-006 -1.00829e-006 -5.30068e-007 -5.46627e-007             0  4.01541e-006   7.3125e-006  3.59726e-005   0.000154897   0.000316046   0.000261508  7.34006e-005  3.16669e-005  3.97039e-005  5.84919e-005   4.2367e-005  1.63538e-005  8.02406e-006  6.55502e-006  6.08069e-006  3.89798e-006  1.49656e-006  4.61502e-007  1.43879e-007  5.12621e-008  2.38285e-008  1.63683e-008  1.69112e-008   2.0905e-008  1.72074e-008   5.8504e-009  1.38005e-009  4.56171e-010  3.00453e-010  3.68363e-010             0             0   0.000681923
   0.00157298    0.00297262     0.0156453     0.0692256      0.133368     0.0939776     0.0243887     0.0131494     0.0213135     0.0408135     0.0369615     0.0160237    0.00832407    0.00693447    0.00638812    0.00399778    0.00143269   0.000341243  5.17681e-005 -6.43727e-006 -1.62025e-005 -2.11841e-005  -3.3074e-005 -5.38527e-005 -4.94013e-005 -1.53975e-005 -3.05155e-006 -8.41505e-007 -4.73811e-007 -5.18914e-007             0  1.49242e-006  2.81857e-006  1.41036e-005  6.17575e-005   0.000129307   0.000111505  3.16669e-005  1.64685e-005  1.92208e-005  3.07841e-005  2.33778e-005  9.40177e-006  4.77829e-006   4.0211e-006  3.82296e-006  2.50025e-006  9.75574e-007  3.04877e-007  9.61231e-008  3.45753e-008  1.62034e-008  1.12094e-008  1.16536e-008   1.4482e-008  1.19607e-008  4.06959e-009  9.59594e-010  3.17032e-010  2.08737e-010  2.55884e-010             0             0  4.37923e-005
  -0.00125955    -0.0040437    -0.0162659    -0.0372657   -0.00444009     0.0306408    0.00450314   -0.00104107   -0.00182891    0.00223638    0.00863146    0.00586046    0.00379746    0.00354061    0.00340541    0.00211737   0.000671693  4.63484e-005 -7.74017e-005 -7.07823e-005 -5.63371e-005 -5.67742e-005 -7.89366e-005  -0.000121281  -0.000109418 -3.48547e-005 -7.20663e-006  -2.0874e-006 -1.23257e-006 -1.40155e-006             0  1.53576e-006  2.98463e-006  1.51893e-005  6.77345e-005   0.000145676   0.000130607  3.97039e-005  1.92208e-005  2.85519e-005  4.43243e-005  3.60038e-005  1.51908e-005  8.05264e-006  7.02648e-006  6.88689e-006  4.61872e-006  1.83938e-006  5.84477e-007   1.8682e-007  6.79646e-008  3.21516e-008  2.24181e-008  2.34623e-008  2.93173e-008  2.43039e-008   8.2821e-009  1.95379e-009  6.45622e-010  4.25155e-010  5.21301e-010             0             0  -0.000126722
  -0.00518283    -0.0149068    -0.0657159     -0.193654     -0.169202   -0.00072982    -0.0101698    -0.0212434    -0.0442501    -0.0801271    -0.0597085    -0.0211448   -0.00931769   -0.00708652   -0.00656798   -0.00450252   -0.00207615  -0.000989398  -0.000510813  -0.000279769  -0.000184199  -0.000168845  -0.000222305  -0.000331293  -0.000296629 -9.60218e-005 -2.04037e-005 -6.08383e-006 -3.68674e-006  -4.2737e-006             0  1.91624e-006  3.80284e-006  1.96608e-005  8.93256e-005   0.000197381   0.000183794  5.84919e-005  3.07841e-005  4.43243e-005  7.95602e-005  6.58723e-005  2.95882e-005  1.64623e-005  1.49909e-005  1.52422e-005   1.0542e-005  4.30613e-006  1.39681e-006   4.5399e-007  1.67401e-007  8.00547e-008  5.63089e-008  5.93491e-008  7.45787e-008  6.20806e-008  2.12088e-008  5.01119e-009  1.65779e-009  1.09262e-009  1.34065e-009             0             0  -0.000124404
  -0.00562112    -0.0164199      -0.07384      -0.22215     -0.191432     0.0226038   -0.00255622    -0.0240803    -0.0604517     -0.126512     -0.110506    -0.0453371    -0.0228099    -0.0191569    -0.0186365    -0.0128024   -0.00547485    -0.0021079  -0.000894753  -0.000436061  -0.000269016  -0.000237314  -0.000305092  -0.000448682  -0.000401442  -0.000131678 -2.85166e-005 -8.66354e-006 -5.33407e-006 -6.25461e-006             0  1.19781e-006  2.41319e-006  1.26485e-005  5.84723e-005   0.000132513   0.000127769   4.2367e-005  2.33778e-005  3.60038e-005  6.58723e-005  6.10261e-005  2.75586e-005  1.65282e-005   1.5798e-005  1.67656e-005  1.20309e-005  5.06865e-006   1.6865e-006  5.59571e-007  2.09779e-007  1.01653e-007  7.22514e-008  7.67817e-008  9.71087e-008  8.12334e-008  2.78516e-008  6.59803e-009  2.18704e-009  1.44361e-009  1.77336e-009             0             0  -0.000326517
  -0.00266597   -0.00816528    -0.0367683     -0.106875    -0.0691991     0.0559715     0.0138712   -0.00665931    -0.0275182    -0.0671131    -0.0646247    -0.0278631    -0.0144101    -0.0122725    -0.0120231   -0.00831675   -0.00356212    -0.0013496  -0.000567191  -0.000277929  -0.000173718  -0.000155459   -0.00020248  -0.000301158  -0.000272228 -9.01707e-005 -1.96945e-005 -6.02449e-006 -3.72895e-006 -4.38952e-006             0  4.07354e-007  8.29439e-007  4.39704e-006  2.06397e-005  4.78457e-005  4.75906e-005  1.63538e-005  9.40177e-006  1.51908e-005  2.95882e-005  2.75586e-005  1.52697e-005  8.11295e-006  8.79245e-006  9.79607e-006  7.33913e-006  3.20886e-006  1.10142e-006  3.74892e-007  1.43467e-007  7.06664e-008  5.08754e-008  5.46066e-008  6.95964e-008  5.85702e-008  2.01783e-008  4.79839e-009  1.59517e-009  1.05528e-009   1.2985e-009             0             0  -0.000154412
  -0.00155952   -0.00499865    -0.0224667    -0.0626927    -0.0250853     0.0633944     0.0188489   0.000146276    -0.0133589    -0.0397192    -0.0419822    -0.0186243   -0.00963045   -0.00806075   -0.00771969   -0.00526649   -0.00224604  -0.000856574  -0.000374776  -0.000194825  -0.000128896   -0.00012093  -0.000163479  -0.000250089  -0.000230479 -7.71894e-005 -1.69578e-005 -5.20378e-006 -3.22704e-006  -3.8046e-006             0  1.79993e-007  3.69481e-007   1.9764e-006    9.393e-006  2.21868e-005  2.26544e-005  8.02406e-006  4.77829e-006  8.05264e-006  1.64623e-005  1.65282e-005  8.11295e-006  6.95251e-006  5.50672e-006  7.18914e-006  5.65712e-006  2.58354e-006  9.20652e-007  3.23368e-007   1.2698e-007   6.3856e-008   4.6734e-008  5.08102e-008  6.54074e-008  5.54768e-008  1.92324e-008  4.59606e-009  1.53374e-009   1.0176e-009  1.25491e-009             0             0 -7.46618e-005
