IGOR
WAVES/D/O/N=(64, 64)	Hess
BEGIN
       70.202       23.5867       73.0774       215.836       1208.97       3228.98       1505.39       399.704       161.268       121.891       142.138       182.269       200.288       184.626       153.454       112.869       69.0205       37.1382       20.9957       14.6509       13.1118        13.316       11.8989       7.30127       3.00591       1.04595      0.416748      0.244106      0.245764      0.442712       1.25144  4.88537e-005 -8.52828e-005  -0.000229712   -0.00086065   -0.00437546    -0.0053446   0.000724776   0.000617264   0.000334294   0.000285173   0.000348653   0.000450196   0.000486279     0.0004349   0.000349198   0.000248761    0.00014838    7.849e-005  4.38819e-005  3.03965e-005  2.70691e-005  2.73994e-005  2.44279e-005   1.4964e-005   6.1521e-006  2.13822e-006  8.51129e-007  4.98154e-007  5.01229e-007  9.02465e-007  2.54711e-006        2.8713             0
      23.5867       86.4616       53.0914       225.511       1252.16       3371.01       1582.25        422.73       171.476       130.187       152.365       195.956       215.829       199.315       165.901       122.159       74.7651       40.2554       22.7692       15.8944       14.2287       14.4535       12.9174       7.92722       3.26392       1.13581      0.452577      0.265103      0.266913      0.480819       1.35926   0.000163188  2.63862e-005 -9.30734e-005  -0.000530695   -0.00312494   -0.00337721    0.00121218   0.000662217   0.000324674    0.00026036   0.000302404   0.000371973   0.000382621   0.000325591   0.000248896    0.00016941   9.7211e-005  4.98828e-005  2.72539e-005   1.8555e-005  1.63111e-005  1.63511e-005  1.44728e-005    8.817e-006  3.60928e-006  1.25016e-006  4.96302e-007  2.89873e-007  2.91193e-007  5.23644e-007  1.47209e-006      -1.04451             0
      73.0774       53.0914         126.4       308.249       1864.55       5059.13          2396       645.455        263.72       201.444       236.948       305.983       338.116       313.055       261.102       192.562       117.998       63.5921       35.9945       25.1401       22.5148       22.8776       20.4512       12.5529       5.16917       1.79902      0.716893      0.419957      0.422842      0.761739       2.15365   0.000324346   0.000144339  1.34412e-005  -0.000373571   -0.00291885   -0.00230617    0.00240399    0.00102537   0.000460836   0.000345638    0.00037564   0.000429068   0.000404439   0.000309959   0.000209485    0.00012424  6.18852e-005  2.77996e-005  1.34963e-005  8.30023e-006  6.69917e-006  6.26157e-006  5.23851e-006  3.04916e-006  1.20234e-006  4.03879e-007  1.56408e-007  8.95639e-008  8.85806e-008  1.57366e-007  4.25081e-007      -2.73109             0
      215.836       225.511       308.249       1081.84       6111.65       16872.9       8079.79       2199.83       907.374       698.802       827.646       1074.86       1193.22       1108.85       927.521       685.604       420.865       227.124       128.691       89.9551       80.6105       81.9476        73.282       44.9923       18.5313        6.4504       2.57074       1.50608       1.51653       2.73213       7.72577    0.00113595   0.000648675   0.000358741  -0.000245994   -0.00515058    -0.0003376    0.00961869    0.00354193    0.00148582    0.00104257     0.0010431     0.0010613   0.000837846   0.000474276   0.000168945 -1.53429e-005 -7.61004e-005 -6.75442e-005  -4.9166e-005 -3.99412e-005 -3.94771e-005 -4.29032e-005 -4.02081e-005  -2.5542e-005 -1.07932e-005 -3.83102e-006 -1.54974e-006 -9.18293e-007  -9.3269e-007 -1.69137e-006 -4.88199e-006      -4.63894             0
      1208.97       1252.16       1864.55       6111.65       36063.1        100570       48849.9         13476        5626.6       4380.37       5236.62       6854.32       7658.36       7154.15       6009.29        4456.6       2742.78       1483.12        841.65        589.01       528.302       537.437       480.859       295.348       121.684       42.3659       16.8875       9.89491        9.9646       17.9533       50.7799    0.00596761    0.00375871    0.00263558    0.00112151    -0.0165326     0.0194736     0.0613907     0.0216224    0.00889606     0.0060735    0.00577735    0.00532126    0.00334556   0.000789637   -0.00109698   -0.00190721   -0.00170029   -0.00113153  -0.000730628  -0.000557107   -0.00053023  -0.000562539  -0.000518791  -0.000325854   -0.00013655 -4.81637e-005 -1.93906e-005 -1.14483e-005  -1.1596e-005 -2.09849e-005 -6.01827e-005        1.3437             0
      3228.98       3371.01       5059.13       16872.9        100570        285168        140738       39466.5       16729.6       13207.2         15985       21146.2       23837.6       22431.1       18952.6       14121.5       8723.12       4730.55       2690.54       1886.18       1694.03       1725.08       1544.68       949.321         391.3       136.283       54.3382       31.8449        32.074       57.7947       163.528       0.01043    0.00594524    0.00279314    -0.0067117     -0.086722     -0.046739      0.135474     0.0574292     0.0266547     0.0204186     0.0221279     0.0243215     0.0208981     0.0133293     0.0062402    0.00143122  -0.000689567   -0.00101111  -0.000841092  -0.000727282   -0.00074498   -0.00082812  -0.000787931  -0.000505897  -0.000215461 -7.69297e-005 -3.12587e-005 -1.85845e-005 -1.89238e-005 -3.43828e-005 -9.98345e-005        9.1517             0
      1505.39       1582.25          2396       8079.79       48849.9        140738       70789.3       20199.3       8735.39        7015.9       8630.32       11581.6         13217       12565.3       10706.2       8031.27       4987.82       2716.39        1550.1       1089.48       980.441       999.938       896.419       551.409        227.44       79.2548       31.6126       18.5321       18.6697       33.6471       95.2555    0.00206965   0.000473162   -0.00139253    -0.0101551    -0.0745277     -0.106048     0.0332842     0.0235929     0.0135116      0.012223     0.0155398     0.0203117     0.0215604     0.0184143     0.0137934    0.00904486    0.00496628    0.00244341    0.00128739   0.000850512    0.00072972   0.000717645   0.000625831   0.000376794   0.000152758  5.24919e-005  2.07047e-005  1.20309e-005  1.20368e-005  2.15773e-005  6.00391e-005     -0.851341             0
      399.704        422.73       645.455       2199.83         13476       39466.5       20199.3       5920.56       2584.77       2139.93       2681.45       3666.31       4253.51       4101.16       3535.66       2677.86       1675.98       918.366       526.596       371.511       335.303        342.74       307.788       189.578       78.2743       27.2968       10.8943       6.38938         6.439       11.6075       32.8879   0.000179458  -0.000155742  -0.000672463   -0.00343746    -0.0236349    -0.0408829    0.00277865    0.00527156    0.00361612    0.00367532    0.00513634    0.00730112    0.00838288    0.00772847    0.00624628    0.00441366     0.0025986    0.00135889   0.000753311    0.00051867   0.000459935   0.000464196    0.00041304   0.000252629   0.000103712  3.59968e-005  1.43112e-005  8.36747e-006    8.412e-006  1.51356e-005  4.26228e-005       -3.2294             0
      161.268       171.476        263.72       907.374        5626.6       16729.6       8735.39       2584.77       1200.51       972.204       1276.44       1780.05       2108.72        2070.7       1813.13       1391.07       879.812       486.176       280.641       199.029       180.363       184.944       166.487       102.736       42.4788       14.8298       5.92358       3.47629       3.50497       6.32069       17.9292  -2.2102e-006  -0.000110542  -0.000309245   -0.00144379   -0.00985186    -0.0190422  -0.000778041    0.00167078    0.00137482    0.00154451     0.0023284    0.00352364    0.00426702    0.00411811    0.00346212    0.00253027    0.00153252    0.00082017   0.000463155   0.000323573   0.000290211   0.000295487   0.000264707   0.000162748  6.70824e-005  2.33555e-005  9.30764e-006  5.45199e-006  5.48871e-006  9.88635e-006  2.79355e-005      -1.68778             0
      121.891       130.187       201.444       698.802       4380.37       13207.2        7015.9       2139.93       972.204       879.705       1113.19       1628.01       1972.32       1980.67        1768.4       1379.25       884.266        494.05       287.708       205.464       187.211       192.779       174.107       107.709       44.6208       15.6006       6.23846       3.66422       3.69686       6.67004       18.9498 -3.03193e-005 -9.60777e-005  -0.000232643   -0.00104516   -0.00717513    -0.0150542   -0.00170585   0.000891045   0.000914208    0.00113393    0.00183539    0.00294149    0.00373501    0.00374803    0.00325244    0.00243869     0.0015082   0.000821128   0.000470241    0.00033225   0.000300675   0.000308307   0.000277717   0.000171474  7.09084e-005  2.47483e-005  9.88106e-006  5.79604e-006  5.84132e-006    1.053e-005  2.98305e-005     -0.604166             0
      142.138       152.365       236.948       827.646       5236.62         15985       8630.32       2681.45       1276.44       1113.19       1563.32       2259.76        2848.6       2931.97       2679.22       2131.91       1390.04       787.476       463.757       334.165       306.633         317.5       287.979       178.744       74.2372       26.0059       10.4149       6.12425       6.18417       11.1651       31.7868 -4.97828e-005  -0.000111211  -0.000250994   -0.00110659   -0.00767468    -0.0171714    -0.0028808    0.00062451   0.000874335      0.001202    0.00208528    0.00353211     0.0046949     0.0048912    0.00437426    0.00335985    0.00211962    0.00117377   0.000681994   0.000487717   0.000445742     0.0004607   0.000417616   0.000259124   0.000107555  3.76447e-005  1.50621e-005   8.8493e-006  8.92923e-006  1.61113e-005  4.57735e-005      0.373845             0
      182.269       195.956       305.983       1074.86       6854.32       21146.2       11581.6       3666.31       1780.05       1628.01       2259.76       3499.14       4457.98        4752.1       4455.17       3629.32       2414.68       1391.37       830.915       605.517       560.651       584.652        533.24       332.401       138.515       48.6469       19.5204       11.4958       11.6215       21.0002       59.9524 -6.70075e-005  -0.000129719   -0.00028202   -0.00123303   -0.00865042     -0.020352   -0.00425908   0.000363583   0.000861526    0.00131883     0.0024462    0.00436886    0.00607071    0.00656287    0.00604913    0.00476225    0.00306858     0.0017321    0.00102387   0.000743238   0.000687877   0.000718375   0.000656679   0.000410158   0.000171108  6.01178e-005  2.41233e-005  1.42039e-005  1.43558e-005   2.5935e-005  7.39748e-005      0.955801             0
      200.288       215.829       338.116       1193.22       7658.36       23837.6         13217       4253.51       2108.72       1972.32        2848.6       4457.98       5971.71       6489.96       6290.24       5259.11       3582.61       2106.73       1279.79       945.826       885.754       932.085       856.221       536.727       224.632       79.1567        31.845       18.7909       19.0252       34.4185       98.6207 -6.67489e-005  -0.000121099  -0.000258712   -0.00112994   -0.00802335    -0.0196097   -0.00469463  7.34656e-005   0.000693801    0.00118217    0.00233106    0.00436992       0.00633    0.00709162    0.00673533    0.00543891    0.00358683    0.00207095    0.00125101   0.000926216   0.000872077   0.000924042   0.000854818   0.000539013   0.000226522  8.00338e-005  3.22518e-005  1.90514e-005  1.93025e-005  3.49367e-005   0.000100242      0.391862             0
      184.626       199.315       313.055       1108.85       7154.15       22431.1       12565.3       4101.16        2070.7       1980.67       2931.97        4752.1       6489.96       7371.96       7303.71       6310.88       4413.16        2657.7          1648       1239.17       1177.09       1252.99       1161.63       733.468       308.716       109.266       44.1078        26.095       26.4733       47.9662       138.113 -5.02598e-005 -8.93254e-005  -0.000190279  -0.000835222   -0.00600581    -0.0150864   -0.00390617 -8.50377e-005   0.000462878   0.000865448    0.00179485    0.00350564     0.0052678     0.0060983    0.00596072     0.0049391    0.00334199    0.00198349    0.00123271   0.000937782   0.000904789    0.00097911   0.000921819   0.000589553   0.000250518  8.92692e-005  3.62088e-005  2.14958e-005  2.18621e-005  3.96845e-005   0.000114925     -0.380515             0
      153.454       165.901       261.102       927.521       6009.29       18952.6       10706.2       3535.66       1813.13        1768.4       2679.22       4455.17       6290.24       7303.71       7553.61       6674.61        4827.4       2984.72       1896.01       1455.64       1407.13        1519.6        1425.3       908.355       385.138       137.097        55.589       33.0006       33.5675       60.9431       176.619 -3.13303e-005 -5.63506e-005   -0.00012114  -0.000537258    -0.0039146    -0.0100133   -0.00269014  -0.000101573   0.000287455    0.00056985    0.00122374    0.00246634    0.00382026    0.00455242    0.00457204    0.00389055    0.00271185    0.00166697    0.00107657   0.000850694   0.000849784   0.000947782   0.000915159   0.000597369   0.000257944  9.30647e-005  3.81114e-005  2.27921e-005  2.33113e-005  4.24976e-005   0.000124778     -0.182556             0
      112.869       122.159       192.562       685.604        4456.6       14121.5       8031.27       2677.86       1391.07       1379.25       2131.91       3629.32       5259.11       6310.88       6674.61       6165.82       4551.66       2917.43       1902.25       1496.49       1477.29       1623.71       1545.14       996.295       426.372       152.892       62.3491       37.1785        37.947        69.076       201.895 -1.61503e-005 -3.01901e-005  -6.6127e-005  -0.000297541   -0.00219747   -0.00568147   -0.00153562  -5.8506e-005   0.000167133     0.0003364   0.000736082    0.00151662     0.0024076    0.00294463    0.00303869    0.00266472    0.00192777      0.001241   0.000843583   0.000701027   0.000732923       0.00085   0.000847654    0.00056781   0.000250211  9.17076e-005  3.80148e-005  2.29477e-005  2.36392e-005  4.33319e-005   0.000129477      0.498885             0
      69.0205       74.7651       117.998       420.865       2742.78       8723.12       4987.82       1675.98       879.812       884.266       1390.04       2414.68       3582.61       4413.16        4827.4       4551.66       3535.79       2294.61       1559.74       1257.96       1272.42       1428.01       1382.83       904.487       391.569       141.705       58.2054       34.9034       35.7807       65.3521       193.105 -6.68552e-006 -1.31985e-005 -2.95855e-005  -0.000135225   -0.00101141   -0.00263056  -0.000703138 -2.07158e-005  8.36321e-005   0.000166567   0.000367776   0.000770347    0.00124952     0.0015681    0.00166827    0.00151917    0.00115371   0.000787748   0.000570027   0.000502504   0.000553241   0.000670008    0.00069214   0.000476869   0.000214839  8.01136e-005   3.3656e-005  2.05274e-005  2.13145e-005  3.93092e-005   0.000119774      0.505327             0
      37.1382       40.2554       63.5921       227.124       1483.12       4730.55       2716.39       918.366       486.176        494.05       787.476       1391.37       2106.73        2657.7       2984.72       2917.43       2294.61       1597.24       1075.55       914.403       946.053        1087.4       1074.69       714.992       313.867       114.863       47.6008       28.7443       29.6276       54.3424       162.801 -2.44867e-006 -5.10387e-006 -1.16842e-005 -5.41322e-005  -0.000409121   -0.00106825  -0.000281645 -5.47593e-006  3.66787e-005  7.21471e-005   0.000160389     0.0003409   0.000564513   0.000727846   0.000801982   0.000764766   0.000615949   0.000449751   0.000347933    0.00032581   0.000377779   0.000477739   0.000511364   0.000362606   0.000167173   6.3491e-005  2.70598e-005  1.66909e-005  1.74829e-005  3.24608e-005   0.000101098    -0.0680493             0
      20.9957       22.7692       35.9945       128.691        841.65       2690.54        1550.1       526.596       280.641       287.708       463.757       830.915       1279.79          1648       1896.01       1902.25       1559.74       1075.55       808.899       657.123       725.359       851.066       860.743       584.005       260.587       96.6442       40.4819        24.654       25.5817       47.1661       143.749  -9.6719e-007 -2.10529e-006 -4.89657e-006 -2.29149e-005  -0.000174543  -0.000457254  -0.000119447 -1.45285e-006  1.65718e-005  3.24034e-005   7.2564e-005   0.000156372   0.000264132   0.000349939   0.000400215   0.000401264   0.000343898   0.000268499   0.000221395   0.000219469   0.000267434   0.000352983   0.000391842   0.000286479   0.000135458  5.25165e-005   2.2756e-005   1.4222e-005  1.50517e-005  2.81731e-005  9.01211e-005     -0.513932             0
      14.6509       15.8944       25.1401       89.9551        589.01       1886.18       1089.48       371.511       199.029       205.464       334.165       605.517       945.826       1239.17       1455.64       1496.49       1257.96       914.403       657.123       622.946       642.659        804.52       830.113       575.751       261.749       98.5925       41.8233       25.7305       26.9142       49.9367       155.439 -4.85084e-007 -1.08777e-006 -2.55685e-006 -1.20475e-005 -9.22768e-005  -0.000242476 -6.31039e-005  -5.2853e-007  9.06542e-006  1.77276e-005  4.00071e-005  8.73095e-005   0.000150173   0.000204108   0.000242012   0.000254787   0.000231575   0.000192169   0.000167819   0.000175332   0.000224145   0.000308989   0.000356578   0.000269718   0.000131318  5.21821e-005  2.30774e-005  1.46646e-005  1.57287e-005   2.9754e-005  9.86986e-005     -0.672817             0
      13.1118       14.2287       22.5148       80.6105       528.302       1694.03       980.441       335.303       180.363       187.211       306.633       560.651       885.754       1177.09       1407.13       1477.29       1272.42       946.053       725.359       642.659       774.653       919.569        1001.6       708.503       328.853       126.062       54.2586       33.7772       35.6662       66.6715        212.86 -3.21087e-007 -7.30835e-007 -1.72734e-006 -8.17087e-006  -6.2811e-005  -0.000165554 -4.31743e-005 -3.61883e-007  6.24516e-006  1.22834e-005  2.79479e-005  6.16916e-005   0.000107819   0.000149927   0.000183692   0.000202118   0.000193487   0.000169285   0.000155502   0.000170515   0.000228392   0.000329231   0.000396326   0.000311782    0.00015732  6.45341e-005  2.93379e-005   1.9083e-005  2.08671e-005  4.00994e-005   0.000140716     -0.552804             0
       13.316       14.4535       22.8776       81.9476       537.437       1725.08       999.938        342.74       184.944       192.779         317.5       584.652       932.085       1252.99        1519.6       1623.71       1428.01        1087.4       851.066        804.52       919.569       1228.61        1300.6       963.641       455.337       177.925       77.8239       49.0931       52.3967       98.7851       324.805 -2.49344e-007 -5.65939e-007 -1.33745e-006 -6.33187e-006 -4.87603e-005  -0.000128968 -3.39565e-005 -4.47553e-007   4.7781e-006  9.52564e-006  2.18775e-005  4.88065e-005   8.6501e-005   0.000122693   0.000154683   0.000176835   0.000176935   0.000161924   0.000155461   0.000178196   0.000249689   0.000376868   0.000475403   0.000391992   0.000207095  8.87053e-005  4.19314e-005   2.8216e-005  3.17487e-005  6.24601e-005    0.00023867     0.0273398             0
      11.8989       12.9174       20.4512        73.282       480.859       1544.68       896.419       307.788       166.487       174.107       287.979        533.24       856.221       1161.63        1425.3       1545.14       1382.83       1074.69       860.743       830.113        1001.6        1300.6       1506.05       1089.29         541.2       214.087       95.2562       60.9524       65.8162       125.254        425.63 -1.76325e-007  -3.9195e-007 -9.20869e-007 -4.34997e-006 -3.34982e-005 -8.89738e-005 -2.38466e-005 -5.50385e-007  3.13662e-006  6.40293e-006  1.48743e-005  3.35263e-005  6.01554e-005  8.67838e-005   0.000112104   0.000132369    0.00013744   0.000130639    0.00013033   0.000155505   0.000227474   0.000359922   0.000478358   0.000417332   0.000233622     0.0001058  5.26047e-005  3.69803e-005   4.3157e-005   8.7462e-005   0.000371177      0.940937             0
      7.30127       7.92722       12.5529       44.9923       295.348       949.321       551.409       189.578       102.736       107.709       178.744       332.401       536.727       733.468       908.355       996.295       904.487       714.992       584.005       575.751       708.503       963.641       1089.29       871.413       403.473       175.112       77.3899       50.2576       54.9378       105.602       372.114 -8.71661e-008 -1.88115e-007 -4.38017e-007 -2.06082e-006 -1.58527e-005 -4.22936e-005 -1.15845e-005 -4.09259e-007  1.38832e-006  2.92433e-006  6.87952e-006  1.56576e-005  2.83937e-005  4.15462e-005   5.4761e-005  6.64077e-005  7.10831e-005  6.97271e-005  7.18772e-005  8.88637e-005    0.00013533   0.000224573   0.000315889   0.000293789   0.000175698  8.47157e-005   4.4528e-005  3.28072e-005  3.97865e-005  8.31514e-005   0.000392399       1.06389             0
      3.00591       3.26392       5.16917       18.5313       121.684         391.3        227.44       78.2743       42.4788       44.6208       74.2372       138.515       224.632       308.716       385.138       426.372       391.569       313.867       260.587       261.749       328.853       455.337         541.2       403.473       238.257       71.6412       44.9035       26.8397       29.7135       57.7218       211.772 -2.87495e-008  -6.0444e-008 -1.39576e-007 -6.54166e-007 -5.02596e-006 -1.34604e-005 -3.75821e-006 -1.72975e-007  4.11683e-007  8.94747e-007  2.12927e-006  4.88632e-006  8.93768e-006   1.3227e-005  1.77184e-005  2.19504e-005  2.40745e-005  2.42245e-005  2.56596e-005  3.27089e-005  5.16728e-005  8.98384e-005   0.000133946     0.0001331  8.51141e-005  4.36472e-005  2.41941e-005  1.86295e-005  2.34151e-005  5.03538e-005   0.000262496      0.304604             0
      1.04595       1.13581       1.79902        6.4504       42.3659       136.283       79.2548       27.2968       14.8298       15.6006       26.0059       48.6469       79.1567       109.266       137.097       152.892       141.705       114.863       96.6442       98.5925       126.062       177.925       214.087       175.112       71.6412       62.4524      0.735427       15.8852       13.1204       25.7741       99.0343 -7.90272e-009 -1.63037e-008 -3.74157e-008 -1.74851e-007 -1.34214e-006 -3.60496e-006 -1.02103e-006 -5.50422e-008  1.04075e-007  2.32217e-007  5.57731e-007  1.28818e-006  2.37207e-006  3.54166e-006  4.80472e-006   6.0525e-006  6.76569e-006  6.94645e-006  7.52189e-006   9.8377e-006  1.60552e-005  2.91623e-005  4.59852e-005  4.86553e-005  3.30911e-005  1.79322e-005  1.04183e-005   8.3413e-006  1.08244e-005  2.38883e-005   0.000136897     -0.225066             0
     0.416748      0.452577      0.716893       2.57074       16.8875       54.3382       31.6126       10.8943       5.92358       6.23846       10.4149       19.5204        31.845       44.1078        55.589       62.3491       58.2054       47.6008       40.4819       41.8233       54.2586       77.8239       95.2562       77.3899       44.9035      0.735427       33.4421      -11.1005       10.6071       12.7624       51.8045 -2.45683e-009 -5.00383e-009 -1.14343e-008 -5.33275e-008 -4.09085e-007 -1.10112e-006 -3.15029e-007 -1.87135e-008    3.044e-008  6.93123e-008  1.67631e-007  3.89061e-007  7.20075e-007  1.08245e-006  1.48293e-006   1.8923e-006  2.14659e-006  2.23892e-006  2.46739e-006    3.296e-006  5.53246e-006  1.04533e-005   1.7342e-005  1.93983e-005  1.39129e-005  7.90206e-006  4.77935e-006  3.95895e-006  5.28632e-006  1.19466e-005  7.51564e-005     -0.391705             0
     0.244106      0.265103      0.419957       1.50608       9.89491       31.8449       18.5321       6.38938       3.47629       3.66422       6.12425       11.4958       18.7909        26.095       33.0006       37.1785       34.9034       28.7443        24.654       25.7305       33.7772       49.0931       60.9524       50.2576       26.8397       15.8852      -11.1005       29.0126       -12.267         13.21       39.1518 -1.11228e-009  -2.2465e-009 -5.11904e-009 -2.38432e-008 -1.82839e-007 -4.92871e-007  -1.4198e-007 -8.95873e-009   1.3213e-008  3.05335e-008  7.42155e-008  1.72866e-007  3.21164e-007  4.85297e-007  6.69855e-007   8.6326e-007  9.90364e-007  1.04562e-006   1.1684e-006  1.58774e-006  2.72906e-006  5.33602e-006  9.24948e-006  1.08435e-005  8.12756e-006  4.79972e-006  3.00339e-006  2.56259e-006  3.51067e-006  8.11033e-006  5.60993e-005     -0.486519             0
     0.245764      0.266913      0.422842       1.51653        9.9646        32.074       18.6697         6.439       3.50497       3.69686       6.18417       11.6215       19.0252       26.4733       33.5675        37.947       35.7807       29.6276       25.5817       26.9142       35.6662       52.3967       65.8162       54.9378       29.7135       13.1204       10.6071       -12.267       30.3576      -6.06809       54.4467 -8.59314e-010 -1.72686e-009 -3.92833e-009 -1.82832e-008  -1.4018e-007 -3.78256e-007 -1.09441e-007  -7.1612e-009  9.93954e-009  2.31973e-008  5.65768e-008  1.32116e-007   2.4615e-007  3.73405e-007  5.18364e-007   6.7307e-007  7.78816e-007  8.29993e-007  9.37515e-007  1.29153e-006  2.26385e-006  4.55569e-006  8.19104e-006  9.97844e-006  7.75096e-006  4.72574e-006   3.0427e-006  2.66355e-006   3.7338e-006  8.80364e-006  6.72825e-005     -0.717954             0
     0.442712      0.480819      0.761739       2.73213       17.9533       57.7947       33.6471       11.6075       6.32069       6.67004       11.1651       21.0002       34.4185       47.9662       60.9431        69.076       65.3521       54.3424       47.1661       49.9367       66.6715       98.7851       125.254       105.602       57.7218       25.7741       12.7624         13.21      -6.06809         43.03       106.107 -1.18133e-009 -2.36797e-009 -5.38229e-009 -2.50418e-008 -1.91997e-007 -5.18402e-007 -1.50364e-007 -1.00362e-008  1.34693e-008  3.16193e-008  7.72827e-008  1.80781e-007  3.37511e-007    5.135e-007   7.1593e-007  9.34892e-007  1.08879e-006  1.16862e-006  1.33105e-006  1.85356e-006  3.30094e-006  6.80138e-006  1.25974e-005  1.58251e-005  1.26477e-005  7.91322e-006   5.2173e-006  4.66874e-006  6.67961e-006  1.60485e-005   0.000136756      -1.33617             0
      1.25144       1.35926       2.15365       7.72577       50.7799       163.528       95.2555       32.8879       17.9292       18.9498       31.7868       59.9524       98.6207       138.113       176.619       201.895       193.105       162.801       143.749       155.439        212.86       324.805        425.63       372.114       211.772       99.0343       51.8045       39.1518       54.4467       106.107       1880.41             0             0             0             0             0             0             0             0             0             0             0             0             0             0             0             0             0             0             0             0             0             0             0             0             0             0             0             0             0             0             0       1.88612             0
 4.88537e-005   0.000163188   0.000324346    0.00113595    0.00596761       0.01043    0.00206965   0.000179458  -2.2102e-006 -3.03193e-005 -4.97828e-005 -6.70075e-005 -6.67489e-005 -5.02598e-005 -3.13303e-005 -1.61503e-005 -6.68552e-006 -2.44867e-006  -9.6719e-007 -4.85084e-007 -3.21087e-007 -2.49344e-007 -1.76325e-007 -8.71661e-008 -2.87495e-008 -7.90272e-009 -2.45683e-009 -1.11228e-009 -8.59314e-010 -1.18133e-009             0  6.54641e-005 -1.28002e-005   2.8645e-007  7.51813e-007  3.47531e-006   7.5748e-006  2.84015e-006  5.98183e-007  1.89552e-007  1.11656e-007  1.00859e-007  9.97175e-008  8.41784e-008  5.94469e-008  3.77738e-008  2.12053e-008  9.88386e-009  4.04929e-009  1.74152e-009  9.23891e-010  6.28295e-010  4.84677e-010  3.28874e-010  1.53203e-010  4.78769e-011  1.26444e-011  3.82354e-012  1.69962e-012  1.29854e-012  1.77503e-012             0             0   -0.00184142
-8.52828e-005  2.63862e-005   0.000144339   0.000648675    0.00375871    0.00594524   0.000473162  -0.000155742  -0.000110542 -9.60777e-005  -0.000111211  -0.000129719  -0.000121099 -8.93254e-005 -5.63506e-005 -3.01901e-005 -1.31985e-005 -5.10387e-006 -2.10529e-006 -1.08777e-006 -7.30835e-007 -5.65939e-007  -3.9195e-007 -1.88115e-007  -6.0444e-008 -1.63037e-008 -5.00383e-009  -2.2465e-009 -1.72686e-009 -2.36797e-009             0 -1.28002e-005  2.62874e-005 -1.27722e-005  7.20408e-007  3.42992e-006  7.65638e-006  2.93046e-006  6.28916e-007  2.02538e-007  1.20919e-007  1.10429e-007  1.10143e-007  9.36294e-008  6.64825e-008  4.24222e-008   2.3891e-008  1.11627e-008  4.58162e-009  1.97323e-009  1.04794e-009  7.13242e-010  5.50558e-010  3.73766e-010  1.74185e-010  5.44508e-011   1.4384e-011  4.35035e-012  1.93406e-012   1.4778e-012  2.02022e-012             0             0   -0.00102425
 -0.000229712 -9.30734e-005  1.34412e-005   0.000358741    0.00263558    0.00279314   -0.00139253  -0.000672463  -0.000309245  -0.000232643  -0.000250994   -0.00028202  -0.000258712  -0.000190279   -0.00012114  -6.6127e-005 -2.95855e-005 -1.16842e-005 -4.89657e-006 -2.55685e-006 -1.72734e-006 -1.33745e-006 -9.20869e-007 -4.38017e-007 -1.39576e-007 -3.74157e-008 -1.14343e-008 -5.11904e-009 -3.92833e-009 -5.38229e-009             0   2.8645e-007 -1.27722e-005  2.64199e-005 -1.20669e-005  4.78406e-006  1.10043e-005  4.32661e-006  9.51659e-007  3.13096e-007  1.90317e-007  1.76401e-007  1.78068e-007  1.52828e-007  1.09338e-007  7.01789e-008  3.97015e-008   1.8614e-008  7.66007e-009  3.30573e-009  1.75831e-009  1.19814e-009    9.257e-010  6.28889e-010  2.93241e-010  9.17072e-011  2.42338e-011  7.33115e-012  3.25985e-012  2.49117e-012  3.40591e-012             0             0   -0.00102764
  -0.00086065  -0.000530695  -0.000373571  -0.000245994    0.00112151    -0.0067117    -0.0101551   -0.00343746   -0.00144379   -0.00104516   -0.00110659   -0.00123303   -0.00112994  -0.000835222  -0.000537258  -0.000297541  -0.000135225 -5.41322e-005 -2.29149e-005 -1.20475e-005 -8.17087e-006 -6.33187e-006 -4.34997e-006 -2.06082e-006 -6.54166e-007 -1.74851e-007 -5.33275e-008 -2.38432e-008 -1.82832e-008 -2.50418e-008             0  7.51813e-007  7.20408e-007 -1.20669e-005  2.89171e-005   1.5137e-006  3.46839e-005  1.40979e-005   3.1983e-006  1.08152e-006  6.73085e-007  6.36298e-007  6.52797e-007  5.67633e-007  4.10346e-007  2.65538e-007  1.51174e-007  7.12244e-008  2.94206e-008  1.27332e-008  6.78769e-009  4.63307e-009  3.58422e-009  2.43743e-009  1.13742e-009  3.55923e-010  9.40955e-011  2.84753e-011   1.2665e-011   9.6805e-012   1.3237e-011             0             0   -0.00255745
  -0.00437546   -0.00312494   -0.00291885   -0.00515058    -0.0165326     -0.086722    -0.0745277    -0.0236349   -0.00985186   -0.00717513   -0.00767468   -0.00865042   -0.00802335   -0.00600581    -0.0039146   -0.00219747   -0.00101141  -0.000409121  -0.000174543 -9.22768e-005  -6.2811e-005 -4.87603e-005 -3.34982e-005 -1.58527e-005 -5.02596e-006 -1.34214e-006 -4.09085e-007 -1.82839e-007  -1.4018e-007 -1.91997e-007             0  3.47531e-006  3.42992e-006  4.78406e-006   1.5137e-006   0.000103656   0.000179489  8.14062e-005  1.91735e-005  6.70836e-006  4.30178e-006  4.17188e-006  4.37214e-006  3.86846e-006  2.83592e-006  1.85561e-006  1.06565e-006  5.05478e-007  2.09892e-007  9.12073e-008  4.87706e-008  3.33683e-008  2.58611e-008  1.76112e-008  8.22695e-009  2.57648e-009  6.81569e-010  2.06354e-010  9.18133e-011  7.01964e-011  9.60056e-011             0             0   -0.00810515
   -0.0053446   -0.00337721   -0.00230617    -0.0003376     0.0194736     -0.046739     -0.106048    -0.0408829    -0.0190422    -0.0150542    -0.0171714     -0.020352    -0.0196097    -0.0150864    -0.0100133   -0.00568147   -0.00263056   -0.00106825  -0.000457254  -0.000242476  -0.000165554  -0.000128968 -8.89738e-005 -4.22936e-005 -1.34604e-005 -3.60496e-006 -1.10112e-006 -4.92871e-007 -3.78256e-007 -5.18402e-007             0   7.5748e-006  7.65638e-006  1.10043e-005  3.46839e-005   0.000179489   0.000525339   0.000207869  5.43572e-005  1.98067e-005  1.31724e-005  1.31855e-005  1.41932e-005   1.2839e-005  9.58263e-006  6.36094e-006  3.69485e-006  1.76836e-006  7.39421e-007  3.23047e-007  1.73459e-007  1.19057e-007  9.24957e-008  6.31052e-008  2.95204e-008  9.25491e-009  2.45022e-009  7.42293e-010  3.30424e-010  2.52717e-010  3.45728e-010             0             0   -0.00470096
  0.000724776    0.00121218    0.00240399    0.00961869     0.0613907      0.135474     0.0332842    0.00277865  -0.000778041   -0.00170585    -0.0028808   -0.00425908   -0.00469463   -0.00390617   -0.00269014   -0.00153562  -0.000703138  -0.000281645  -0.000119447 -6.31039e-005 -4.31743e-005 -3.39565e-005 -2.38466e-005 -1.15845e-005 -3.75821e-006 -1.02103e-006 -3.15029e-007  -1.4198e-007 -1.09441e-007 -1.50364e-007             0  2.84015e-006  2.93046e-006  4.32661e-006  1.40979e-005  8.14062e-005   0.000207869   0.000128734  1.34906e-005  1.01306e-005  7.03528e-006  7.31864e-006  8.14371e-006  7.57468e-006  5.78441e-006  3.91144e-006  2.30589e-006  1.11659e-006   4.7119e-007  2.07331e-007   1.1194e-007  7.71577e-008  6.01382e-008  4.11303e-008  1.92765e-008  6.05192e-009  1.60396e-009  4.86317e-010  2.16614e-010  1.65751e-010  2.26837e-010             0             0      0.003259
  0.000617264   0.000662217    0.00102537    0.00354193     0.0216224     0.0574292     0.0235929    0.00527156    0.00167078   0.000891045    0.00062451   0.000363583  7.34656e-005 -8.50377e-005  -0.000101573  -5.8506e-005 -2.07158e-005 -5.47593e-006 -1.45285e-006  -5.2853e-007 -3.61883e-007 -4.47553e-007 -5.50385e-007 -4.09259e-007 -1.72975e-007 -5.50422e-008 -1.87135e-008 -8.95873e-009  -7.1612e-009 -1.00362e-008             0  5.98183e-007  6.28916e-007  9.51659e-007   3.1983e-006  1.91735e-005  5.43572e-005  1.34906e-005  3.32918e-005 -1.01368e-005   2.1155e-006  2.30157e-006  2.66453e-006  2.56399e-006  2.01442e-006  1.39426e-006  8.37545e-007  4.11686e-007  1.75789e-007  7.80663e-008  4.24511e-008  2.94224e-008  2.30297e-008  1.58018e-008  7.42416e-009  2.33523e-009  6.19804e-010  1.88129e-010  8.38653e-011  6.42136e-011  8.79211e-011             0             0    0.00176419
  0.000334294   0.000324674   0.000460836    0.00148582    0.00889606     0.0266547     0.0135116    0.00361612    0.00137482   0.000914208   0.000874335   0.000861526   0.000693801   0.000462878   0.000287455   0.000167133  8.36321e-005  3.66787e-005  1.65718e-005  9.06542e-006  6.24516e-006   4.7781e-006  3.13662e-006  1.38832e-006  4.11683e-007  1.04075e-007    3.044e-008   1.3213e-008  9.93954e-009  1.34693e-008             0  1.89552e-007  2.02538e-007  3.13096e-007  1.08152e-006  6.70836e-006  1.98067e-005  1.01306e-005 -1.01368e-005  2.73048e-005 -1.20929e-005  1.07975e-006  1.30724e-006  1.30836e-006  1.06303e-006  7.56679e-007  4.65089e-007  2.32873e-007  1.00909e-007  4.53341e-008  2.48755e-008   1.7362e-008  1.36634e-008  9.41409e-009  4.43709e-009  1.39906e-009  3.72018e-010  1.13078e-010  5.04629e-011  3.86698e-011  5.29795e-011             0             0   0.000784843
  0.000285173    0.00026036   0.000345638    0.00104257     0.0060735     0.0204186      0.012223    0.00367532    0.00154451    0.00113393      0.001202    0.00131883    0.00118217   0.000865448    0.00056985     0.0003364   0.000166567  7.21471e-005  3.24034e-005  1.77276e-005  1.22834e-005  9.52564e-006  6.40293e-006  2.92433e-006  8.94747e-007  2.32217e-007  6.93123e-008  3.05335e-008  2.31973e-008  3.16193e-008             0  1.11656e-007  1.20919e-007  1.90317e-007  6.73085e-007  4.30178e-006  1.31724e-005  7.03528e-006   2.1155e-006 -1.20929e-005  2.68408e-005 -1.21163e-005  1.17072e-006  1.22412e-006  1.03349e-006  7.60157e-007  4.80186e-007  2.45881e-007  1.08488e-007  4.94449e-008  2.74401e-008  1.93221e-008  1.53105e-008  1.06049e-008  5.01875e-009   1.5874e-009  4.23107e-010  1.28841e-010  5.75771e-011   4.4168e-011  6.05608e-011             0             0   0.000573296
  0.000348653   0.000302404    0.00037564     0.0010431    0.00577735     0.0221279     0.0155398    0.00513634     0.0023284    0.00183539    0.00208528     0.0024462    0.00233106    0.00179485    0.00122374   0.000736082   0.000367776   0.000160389   7.2564e-005  4.00071e-005  2.79479e-005  2.18775e-005  1.48743e-005  6.87952e-006  2.12927e-006  5.57731e-007  1.67631e-007  7.42155e-008  5.65768e-008  7.72827e-008             0  1.00859e-007  1.10429e-007  1.76401e-007  6.36298e-007  4.17188e-006  1.31855e-005  7.31864e-006  2.30157e-006  1.07975e-006 -1.21163e-005  2.72433e-005 -1.14767e-005  1.71083e-006  1.50741e-006  1.15118e-006  7.50979e-007  3.95049e-007  1.78206e-007  8.26853e-008  4.65459e-008  3.31458e-008  2.64958e-008  1.84781e-008  8.79089e-009  2.79179e-009  7.46439e-010  2.27839e-010  1.02003e-010  7.83553e-011   1.0755e-010             0             0   0.000658282
  0.000450196   0.000371973   0.000429068     0.0010613    0.00532126     0.0243215     0.0203117    0.00730112    0.00352364    0.00294149    0.00353211    0.00436886    0.00436992    0.00350564    0.00246634    0.00151662   0.000770347     0.0003409   0.000156372  8.73095e-005  6.16916e-005  4.88065e-005  3.35263e-005  1.56576e-005  4.88632e-006  1.28818e-006  3.89061e-007  1.72866e-007  1.32116e-007  1.80781e-007             0  9.97175e-008  1.10143e-007  1.78068e-007  6.52797e-007  4.37214e-006  1.41932e-005  8.14371e-006  2.66453e-006  1.30724e-006  1.17072e-006 -1.14767e-005  2.82695e-005 -1.05112e-005  2.33168e-006   1.8575e-006   1.2579e-006  6.83343e-007  3.16702e-007  1.50253e-007   8.6119e-008  6.22143e-008  5.02997e-008  3.53916e-008  1.69538e-008  5.41291e-009  1.45319e-009  4.44958e-010  1.99685e-010  1.53673e-010  2.11225e-010             0             0    0.00086216
  0.000486279   0.000382621   0.000404439   0.000837846    0.00334556     0.0208981     0.0215604    0.00838288    0.00426702    0.00373501     0.0046949    0.00607071       0.00633     0.0052678    0.00382026     0.0024076    0.00124952   0.000564513   0.000264132   0.000150173   0.000107819   8.6501e-005  6.01554e-005  2.83937e-005  8.93768e-006  2.37207e-006  7.20075e-007  3.21164e-007   2.4615e-007  3.37511e-007             0  8.41784e-008  9.36294e-008  1.52828e-007  5.67633e-007  3.86846e-006   1.2839e-005  7.57468e-006  2.56399e-006  1.30836e-006  1.22412e-006  1.71083e-006 -1.05112e-005  2.91331e-005 -1.00739e-005  2.47321e-006  1.74769e-006  9.86009e-007  4.72137e-007  2.30237e-007  1.34985e-007  9.93205e-008  8.14838e-008  5.79994e-008  2.80361e-008  9.01424e-009  2.43318e-009  7.48141e-010   3.3682e-010  2.59844e-010  3.57825e-010             0             0    0.00102618
