IGOR
WAVES/D/O/N=(64, 64)	Hess
BEGIN
      4.82413      -5.48755       4.65752       212.138       329.102       213.152       47.6966       18.8962       31.7391       57.3381       50.3088       24.4717       10.1121       8.24332       10.0355       10.1856       6.18121       2.20192      0.913984      0.470827      0.278847      0.215571      0.267682      0.481677       0.54928      0.164964     0.0333426     0.0137006     0.0171284     0.0444403     0.0583871 -2.11611e-008 -3.51056e-007 -1.06845e-005  -0.000516832   0.000456185   0.000700246   0.000128768  2.50197e-005  6.72622e-006 -3.89048e-005 -6.69029e-005 -3.94099e-005 -1.56365e-005 -1.10224e-005 -1.07509e-005 -8.06545e-006 -3.51274e-006 -9.93141e-007 -3.73701e-007 -1.89042e-007 -1.13346e-007 -8.92538e-008 -1.12961e-007 -2.08241e-007 -2.46885e-007 -7.76256e-008  -1.6172e-008  -6.7593e-009  -8.5296e-009 -2.22419e-008 -2.94646e-008     -0.500635             0
     -5.48755       8.93547       4.30048       468.407       731.937       478.327       107.933       43.0766       72.8016       132.187       116.454       56.8257       23.5369       19.2214       23.4318       23.8063       14.4583       5.15359       2.14022       1.10292      0.653397      0.505239       0.62748       1.12926       1.28789      0.386818     0.0781889     0.0321296     0.0401695      0.104224      0.136944  2.14602e-007 -2.14911e-007 -1.40471e-005  -0.000745939     0.0013142    0.00166253   0.000300391  5.60084e-005  5.05681e-006  -0.000123879  -0.000197126  -0.000116798 -4.81855e-005 -3.60322e-005 -3.82249e-005  -3.2489e-005 -1.66235e-005 -5.36654e-006 -2.15768e-006 -1.11276e-006 -6.66883e-007 -5.22185e-007 -6.56151e-007 -1.19639e-006 -1.39052e-006 -4.26891e-007 -8.75799e-008 -3.63018e-008 -4.56108e-008 -1.18676e-007  -1.5677e-007     -0.555344             0
      4.65752       4.30048       165.246       9333.24       14783.8       9767.43       2226.96       897.125       1528.44       2794.06       2475.22       1213.14       504.176       412.805       504.227       513.059       311.958       111.298       46.2536       23.8493       14.1349       10.9334       13.5821       24.4481       27.8865       8.37672       1.69336      0.695887      0.870065       2.25756       2.96663  7.46291e-006  3.69842e-006  -0.000128541   -0.00819544     0.0312613     0.0352754    0.00635801    0.00116159  -6.5402e-005   -0.00325977   -0.00503712   -0.00302001    -0.0012826  -0.000995476   -0.00110526  -0.000994113  -0.000539797  -0.000181517 -7.43655e-005 -3.85869e-005 -2.31478e-005 -1.81155e-005 -2.27374e-005 -4.13655e-005 -4.78557e-005 -1.46052e-005 -2.98481e-006 -1.23462e-006 -1.54958e-006 -4.02983e-006 -5.32076e-006      -3.38884             0
      212.138       468.407       9333.24        553553        888339        594895        137325       55946.3       96278.5        177540        158438       78121.6       32624.3       26814.3       32851.4       33505.2       20409.4       7291.76       3033.64       1565.51       928.431       718.496       892.888       1607.68       1834.17       551.051       111.409        45.788       57.2527       148.562       195.256   0.000347496   0.000162157   -0.00697821     -0.454548       1.72561       2.03942      0.383026     0.0735425  6.10122e-005     -0.202501     -0.324365     -0.198141    -0.0850306    -0.0663504    -0.0737563    -0.0661616     -0.035766    -0.0119993   -0.00491772   -0.00255582   -0.00153598   -0.00120397   -0.00151314   -0.00275617   -0.00319309  -0.000975925  -0.000199647 -8.26328e-005  -0.000103753  -0.000269887  -0.000356559       7.03341             0
      329.102       731.937       14783.8        888339  1.45117e+006        988665        231541       95532.3        166348        309999        279205        138783       58364.3       48253.1       59403.4       60823.9       37164.9       13308.9       5546.51       2865.95       1701.32       1317.58        1638.3       2951.05       3367.83       1012.04       204.645       84.1178       105.191       272.975       358.866  -0.000525638   -0.00172914    -0.0436281      -2.33908      0.446677       2.19887      0.506173       0.12244     0.0733958    -0.0987158     -0.257386     -0.160716     -0.058499    -0.0323652    -0.0158878    0.00927423     0.0184154    0.00919508    0.00431627    0.00232648    0.00140033    0.00108909    0.00135356     0.0024199    0.00270256   0.000787319   0.000155828  6.33052e-005  7.87023e-005   0.000203703   0.000267454      -2.77275             0
      213.152       478.327       9767.43        594895        988665        686033        163461       68565.4        121304        229419        209389        105308       44741.1       37309.9       46259.5         47641         29244       10509.3       4391.47       2273.71       1351.82       1048.14       1304.44       2351.25       2684.66        807.04       163.238       67.1125       83.9393       217.855       286.522  -0.000683494    -0.0017736    -0.0396337      -2.15044     -0.775892       0.88274      0.267643      0.078951     0.0819417     0.0508244    -0.0273107    -0.0154286    0.00983614     0.0279647     0.0617255     0.0913018     0.0700063     0.0282559     0.0125002    0.00666359    0.00402744    0.00315565    0.00395415    0.00714862    0.00814169    0.00243255   0.000490121   0.000201188   0.000251555   0.000653076    0.00086141       1.73134             0
      47.6966       107.933       2226.96        137325        231541        163461       39702.8         16982       30664.7       59136.6       54959.8       28091.9       12103.3       10212.9       12786.8       13273.6       8199.75       2961.46        1242.3       645.138       384.447       298.613       372.134       671.466       767.281       230.791       46.7026       19.2076       24.0298        62.379       82.0927  -0.000129366  -0.000340539   -0.00778789     -0.437987     -0.181723      0.175687     0.0575375     0.0176894     0.0187693     0.0103548   -0.00998537   -0.00559213    0.00236128    0.00795016     0.0183401     0.0278237     0.0216994    0.00886301    0.00395493    0.00212189     0.0012887    0.00101348    0.00127349    0.00230717    0.00263173   0.000787176    0.00015874  6.52047e-005  8.15711e-005   0.000211857   0.000279803     -0.719836             0
      18.8962       43.0766       897.125       55946.3       95532.3       68565.4         16982       7438.63       13738.6       27151.4       25826.4       13484.7       5919.34       5075.03       6439.13       6757.38       4211.23       1531.68       646.098       336.985       201.492       156.913       195.937       354.083       405.084       121.955       24.6955       10.1619       12.7181        33.025       43.5029 -2.92462e-005 -8.47538e-005   -0.00209605     -0.123047    -0.0268651     0.0853738     0.0254711     0.0075969    0.00666451   -0.00252477    -0.0158083    -0.0105774   -0.00298404  5.78837e-005    0.00411655    0.00880652    0.00785982    0.00339731    0.00155407   0.000843644   0.000515579   0.000407025   0.000512669   0.000929489     0.0010583   0.000315422  6.34577e-005  2.60376e-005  3.25609e-005  8.45664e-005   0.000111801      -2.12675             0
      31.7391       72.8016       1528.44       96278.5        166348        121304       30664.7       13738.6       26097.9       53015.5       51874.5         27816       12506.9       10950.1       14142.9       15062.8       9501.28       3489.63        1483.5       778.498       467.711        365.58       457.801       829.119        950.14        286.42       58.0563       23.9073       29.9382       77.7735       102.588 -1.92278e-005 -7.13698e-005   -0.00204395     -0.125979     0.0330662      0.173168     0.0484892     0.0145486     0.0113568    -0.0143204    -0.0493223    -0.0360555    -0.0145609    -0.0082795   -0.00274574    0.00661173    0.00939793    0.00463003    0.00221975    0.00122707   0.000755472    0.00059848   0.000754848    0.00136648    0.00154503   0.000455582  9.09782e-005  3.71817e-005  4.64099e-005   0.000120445   0.000159276      0.545989             0
      57.3381       132.187       2794.06        177540        309999        229419       59136.6       27151.4       53015.5        111128        112276       62135.2       28765.5       25851.2       34152.8       37075.7       23759.7       8840.15       3797.47       2009.36       1215.05       954.538       1200.01       2179.88       2503.87        756.14       153.476       63.2663        79.288       206.098       272.367  8.52521e-006 -2.27158e-005   -0.00138254    -0.0937432      0.199126       0.37057      0.100029     0.0313069      0.025323    -0.0357152     -0.127804     -0.102651    -0.0485634    -0.0367457    -0.0329477     -0.014879    0.00244638    0.00355561    0.00203548    0.00117374   0.000724715   0.000569591   0.000709624    0.00125654    0.00135567   0.000373599  7.08741e-005  2.80821e-005  3.44553e-005  8.86264e-005   0.000115833      0.877689             0
      50.3088       116.454       2475.22        158438        279205        209389       54959.8       25826.4       51874.5        112276        117463       67319.7       32233.7       29875.7       40566.6       45090.6       29477.2       11150.3        4854.8       2596.72       1583.69       1252.49       1582.78       2886.79       3326.17       1006.88       204.745       84.5184       106.034       275.843       365.465  3.52541e-005  5.07469e-005   0.000391837     0.0154059      0.279588      0.369821     0.0986146     0.0329876     0.0311051    -0.0263328      -0.13264     -0.119197    -0.0632342    -0.0551121    -0.0614749    -0.0473641     -0.018252   -0.00422326   -0.00143418  -0.000753866   -0.00049673   -0.00042849  -0.000586208   -0.00116583    -0.0015131   -0.00051971  -0.000114433 -4.93898e-005 -6.35285e-005  -0.000167613  -0.000228148      0.278729             0
      24.4717       56.8257       1213.14       78121.6        138783        105308       28091.9       13484.7         27816       62135.2       67319.7       40042.6       19878.4       19080.6       26744.3       30575.4       20479.4       7907.13       3501.55        1898.8       1170.82       934.004       1188.33        2178.8       2520.69       765.459       156.029       64.5271       81.0675       211.118       280.657  2.29688e-005  4.13723e-005   0.000609714     0.0344053      0.159038      0.185067     0.0499308     0.0179669     0.0201512   -0.00331851    -0.0621417    -0.0638665    -0.0371334    -0.0352948    -0.0432635     -0.037784     -0.017795   -0.00536837   -0.00223373   -0.00127058  -0.000846695  -0.000725614  -0.000981102   -0.00190829   -0.00237272  -0.000776894  -0.000166504 -7.09494e-005 -9.07452e-005  -0.000238909  -0.000325472       0.39434             0
      10.1121       23.5369       504.176       32624.3       58364.3       44741.1       12103.3       5919.34       12506.9       28765.5       32233.7       19878.4       10258.6       10208.5       14830.4       17510.8       12069.9       4776.79       2159.72       1191.34        744.81       600.746       770.996       1423.25        1655.3       504.723       103.205        42.784       53.8499       140.434       187.524  8.94036e-006   1.7004e-005   0.000276053     0.0162457     0.0616466     0.0696215     0.0192862    0.00740553    0.00954357    0.00325965    -0.0206557    -0.0248022    -0.0155215    -0.0155513    -0.0197422    -0.0173435   -0.00790154   -0.00231739  -0.000993505  -0.000602381   -0.00042676  -0.000383635  -0.000537854   -0.00107702   -0.00137443  -0.000459988   -0.00010004 -4.30407e-005 -5.54107e-005   -0.00014655  -0.000202272       -1.0611             0
      8.24332       19.2214       412.805       26814.3       48253.1       37309.9       10212.9       5075.03       10950.1       25851.2       29875.7       19080.6       10208.5       10573.6       15930.4       19500.1       13886.9       5657.18       2622.13       1476.88       939.278       768.158       996.787       1856.13       2173.46       666.219       136.783       56.8816       71.7658         187.5       251.842  5.82483e-006  1.12338e-005   0.000186505     0.0111594     0.0414522     0.0473416     0.0135167    0.00546896    0.00779216    0.00528441    -0.0121022    -0.0172911    -0.0114932    -0.0118805    -0.0150317    -0.0121019   -0.00411453  -0.000719183  -0.000257305   -0.00020764   -0.00019419  -0.000209505  -0.000331969   -0.00073134   -0.00102168   -0.00036908 -8.40379e-005 -3.71374e-005 -4.86017e-005  -0.000129898  -0.000184069     -0.288214             0
      10.0355       23.4318       504.227       32851.4       59403.4       46259.5       12786.8       6439.13       14142.9       34152.8       40566.6       26744.3       14830.4       15930.4         24975       31734.5       23432.8       9864.19       4706.48       2717.55       1764.68       1468.06       1931.46       3636.29       4294.89       1325.38       273.541       114.213       144.548       378.556       512.355  4.82736e-006  9.12623e-006    0.00014628    0.00874136     0.0366299     0.0439843     0.0129858     0.0054595    0.00829441    0.00714713    -0.0105027    -0.0173004     -0.011928    -0.0123723    -0.0147481   -0.00865635    0.00124376    0.00234147    0.00135199    0.00071818   0.000376966   0.000233556   0.000206741   0.000188606 -8.75535e-005  -0.000135338 -4.40815e-005 -2.26941e-005  -3.2137e-005 -8.98477e-005  -0.000140242      0.237246             0
      10.1856       23.8063       513.059       33505.2       60823.9         47641       13273.6       6757.38       15062.8       37075.7       45090.6       30575.4       17510.8       19500.1       31734.5       41947.7       32168.1       14041.2       6921.68       4113.27       2737.59       2324.77       3110.56        5936.1       7087.05       2205.56       458.209         192.3       244.338       641.843       877.244  2.48435e-006  4.18015e-006  5.21423e-005    0.00288902     0.0220487     0.0301439    0.00929427    0.00399181    0.00619271    0.00521905   -0.00924471    -0.0149747    -0.0102777    -0.0103124    -0.0105517  -0.000570438     0.0103044    0.00743603     0.0042445    0.00256444    0.00164631    0.00132487    0.00166704    0.00293732    0.00307163   0.000793488   0.000140482  5.25667e-005  6.18077e-005   0.000154291   0.000185726      0.297109             0
      6.18121       14.4583       311.958       20409.4       37164.9         29244       8199.75       4211.23       9501.28       23759.7       29477.2       20479.4       12069.9       13886.9       23432.8       32168.1       25663.6       11626.9       5942.23       3645.95       2495.84       2170.95       2963.37       5748.17       6952.96       2186.32       457.921       193.403       246.952       651.177       901.018   3.3496e-007  4.44446e-008 -1.62584e-005    -0.0012656    0.00572204     0.0108033    0.00354642    0.00152271    0.00226896    0.00109867    -0.0060975   -0.00845655   -0.00564404   -0.00545991   -0.00464539    0.00352117     0.0112792     0.0077373    0.00462315    0.00299258    0.00206868    0.00178726    0.00240273    0.00452622    0.00514984    0.00148399   0.000290486   0.000117523   0.000146238   0.000379847   0.000510438      0.666472             0
      2.20192       5.15359       111.298       7291.76       13308.9       10509.3       2961.46       1531.68       3489.63       8840.15       11150.3       7907.13       4776.79       5657.18       9864.19       14041.2       11626.9        5483.6       2899.97       1845.32       1302.28       1163.76       1625.37       3213.31       3947.36       1256.69       265.808       113.133       145.328       384.997       540.868 -9.98345e-008 -4.32331e-007  -1.3967e-005  -0.000965002   0.000461651    0.00213864   0.000761852   0.000320212   0.000425065  -0.000173027   -0.00233791   -0.00288285    -0.0019093   -0.00186564   -0.00155314    0.00162904    0.00485265    0.00347645    0.00219461    0.00150209    0.00109468    0.00099215    0.00139151     0.0027222     0.0032114   0.000958841   0.000193298  7.99791e-005   0.000101194   0.000266091   0.000371184     -0.589318             0
     0.913984       2.14022       46.2536       3033.64       5546.51       4391.47        1242.3       646.098        1483.5       3797.47        4854.8       3501.55       2159.72       2622.13       4706.48       6921.68       5942.23       2899.97       1602.82       1047.23        767.75       705.611        1010.9       2042.05       2553.69       824.872       176.513       75.8234       98.1078       261.373       374.084 -7.41691e-008 -2.36254e-007 -6.56704e-006  -0.000446141  -0.000104783   0.000490635   0.000192678  7.79002e-005  8.32246e-005  -0.000192682  -0.000956274   -0.00111257  -0.000746234  -0.000760341  -0.000705839   0.000536499     0.0019875    0.00152857    0.00102133   0.000736228   0.000563142   0.000533769   0.000779461    0.00157942    0.00191903    0.00058712   0.000120808  5.08378e-005  6.52067e-005    0.00017333   0.000250813     -0.131993             0
     0.470827       1.10292       23.8493       1565.51       2865.95       2273.71       645.138       336.985       778.498       2009.36       2596.72        1898.8       1191.34       1476.88       2717.55       4113.27       3645.95       1845.32       1047.23        721.95       536.519       513.652       754.967       1561.82        1992.9       654.562       141.985       61.6595       80.4731       215.849       316.016 -4.11606e-008 -1.20937e-007 -3.18885e-006  -0.000215434  -0.000113746   0.000137896  6.10985e-005  2.33089e-005  1.59687e-005  -0.000123262  -0.000454213  -0.000513437  -0.000351039  -0.000375137  -0.000395297   0.000149375   0.000898962   0.000751183   0.000531405   0.000403253   0.000324121   0.000322296   0.000492239    0.00103807    0.00130398   0.000409915   8.6367e-005  3.70991e-005  4.84138e-005   0.000130521   0.000198543      0.192598             0
     0.278847      0.653397       14.1349       928.431       1701.32       1351.82       384.447       201.492       467.711       1215.05       1583.69       1170.82        744.81       939.278       1764.68       2737.59       2495.84       1302.28        767.75       536.519       426.848        408.54       625.819       1326.32       1730.53       579.198       127.613       56.1258       73.9993       200.088       301.074 -2.32072e-008 -6.54271e-008 -1.67446e-006  -0.000112793 -7.97094e-005  4.04395e-005  2.16465e-005  7.48247e-006  5.19196e-008 -7.63398e-005  -0.000239248  -0.000265241  -0.000184597   -0.00020587  -0.000241601  1.40355e-005   0.000431473   0.000395351   0.000296201    0.00023681   0.000200583   0.000210288   0.000338207   0.000748595    0.00098201   0.000320908  7.00818e-005  3.10822e-005  4.16841e-005   0.000114936   0.000189635     0.0761934             0
     0.215571      0.505239       10.9334       718.496       1317.58       1048.14       298.613       156.913        365.58       954.538       1252.49       934.004       600.746       768.158       1468.06       2324.77       2170.95       1163.76       705.611       513.652        408.54       421.943       645.761       1417.21       1892.65        646.69       144.987       64.6906       86.2914       235.508       365.997 -1.65626e-008 -4.53145e-008  -1.1332e-006 -7.61519e-005 -6.47957e-005  9.86959e-006  8.87674e-006  2.39328e-006 -4.74305e-006 -5.85342e-005  -0.000162386  -0.000176479  -0.000124464  -0.000143809  -0.000184145 -3.66798e-005   0.000252054   0.000256777   0.000203968   0.000171978   0.000153924   0.000171022   0.000292131    0.00068724   0.000957705   0.000332328  7.68532e-005  3.58623e-005  5.01926e-005   0.000143273   0.000266843      -0.29381             0
     0.267682       0.62748       13.5821       892.888        1638.3       1304.44       372.134       195.937       457.801       1200.01       1582.78       1188.33       770.996       996.787       1931.46       3110.56       2963.37       1625.37        1010.9       754.967       625.819       645.761       1048.76       2333.18       3202.35       1118.05       255.415       115.769       156.437       431.442       695.925  -1.8761e-008 -5.01116e-008 -1.22895e-006  -8.2406e-005 -8.04229e-005 -5.79144e-006  4.13887e-006  3.10055e-008 -9.78326e-006 -7.01399e-005  -0.000175964  -0.000187133  -0.000133155  -0.000158336  -0.000217607 -8.91531e-005   0.000219125   0.000254437   0.000214708    0.00019097   0.000180873   0.000214007   0.000392126   0.000995658    0.00150397   0.000566795   0.000141486  7.04294e-005   0.000103826   0.000308653    0.00065707     -0.685605             0
     0.481677       1.12926       24.4481       1607.68       2951.05       2351.25       671.466       354.083       829.119       2179.88       2886.79        2178.8       1423.25       1856.13       3636.29        5936.1       5748.17       3213.31       2042.05       1561.82       1326.32       1417.21       2333.18       5381.56       7544.63       2696.48       627.935       289.422        396.62       1106.56       1863.04 -2.95432e-008 -7.76525e-008 -1.87873e-006  -0.000125788  -0.000134026 -2.69054e-005  2.88011e-007 -2.80216e-006 -2.02004e-005  -0.000115094  -0.000269671  -0.000282047  -0.000202122  -0.000245971  -0.000357156  -0.000204199   0.000256265   0.000350026   0.000313696   0.000293595   0.000293926   0.000371471    0.00073644    0.00204342    0.00338926     0.0014008   0.000378814    0.00020099   0.000311228   0.000960546    0.00230557    -0.0482189             0
      0.54928       1.28789       27.8865       1834.17       3367.83       2684.66       767.281       405.084        950.14       2503.87       3326.17       2520.69        1655.3       2173.46       4294.89       7087.05       6952.96       3947.36       2553.69        1992.9       1730.53       1892.65       3202.35       7544.63       10858.2       3957.45       942.152       441.441       614.109       1735.25       3071.66 -2.57022e-008 -6.75402e-008 -1.63401e-006  -0.000109462  -0.000117074 -2.40425e-005   3.8792e-008 -2.57307e-006 -1.80375e-005  -0.000102283   -0.00024009  -0.000252729  -0.000183184  -0.000226976  -0.000340698  -0.000222899   0.000197871   0.000306127   0.000286351   0.000278606   0.000292329   0.000393387   0.000845329    0.00256985    0.00467723    0.00210784   0.000611908    0.00034293   0.000553676    0.00176433    0.00470885       1.71953             0
     0.164964      0.386818       8.37672       551.051       1012.04        807.04       230.791       121.955        286.42        756.14       1006.88       765.459       504.723       666.219       1325.38       2205.56       2186.32       1256.69       824.872       654.562       579.198        646.69       1118.05       2696.48       3957.45        1482.1       353.938       171.753       241.448       691.845       1300.55 -4.76772e-009  -1.2842e-008 -3.17339e-007  -2.1341e-005 -2.00656e-005 -1.98175e-007  1.51419e-006  1.97842e-007 -2.32162e-006 -1.88603e-005 -4.94569e-005 -5.43428e-005 -4.01672e-005 -5.04119e-005 -7.61919e-005 -4.82968e-005  5.04096e-005  7.52905e-005  7.09025e-005   7.0261e-005  7.61204e-005   0.000107959   0.000249555   0.000823826    0.00162556   0.000787384   0.000242145   0.000141907   0.000237253   0.000777106    0.00228865      0.158343             0
    0.0333426     0.0781889       1.69336       111.409       204.645       163.238       46.7026       24.6955       58.0563       153.476       204.745       156.029       103.205       136.783       273.541       458.209       457.921       265.808       176.513       141.985       127.613       144.987       255.415       627.935       942.152       353.938       94.0194       39.1683       62.7094       179.739       363.895 -5.54635e-010 -1.55601e-009 -3.97325e-008 -2.68671e-006 -2.00059e-006  8.29907e-007  4.78075e-007  1.59242e-007 -5.85185e-008 -2.13567e-006 -6.64992e-006  -7.7064e-006 -5.80968e-006 -7.35567e-006  -1.1068e-005 -6.35122e-006  9.15474e-006  1.27008e-005  1.19181e-005  1.19481e-005  1.32835e-005  1.97241e-005  4.85899e-005   0.000171875   0.000362001   0.000185625  5.97547e-005  3.63219e-005  6.25599e-005   0.000209973   0.000680847     -0.664878             0
    0.0137006     0.0321296      0.695887        45.788       84.1178       67.1125       19.2076       10.1619       23.9073       63.2663       84.5184       64.5271        42.784       56.8816       114.213         192.3       193.403       113.133       75.8234       61.6595       56.1258       64.6906       115.769       289.422       441.441       171.753       39.1683       26.9526       27.3526       93.1273       204.595 -1.31058e-010 -3.87059e-010 -1.02674e-008 -6.98461e-007 -3.67821e-007  4.63545e-007  2.07721e-007  8.05186e-008  5.33898e-008 -4.82245e-007 -1.84388e-006 -2.24593e-006 -1.72141e-006 -2.19276e-006 -3.27535e-006 -1.66659e-006  3.27781e-006  4.30283e-006  4.02844e-006  4.08086e-006  4.64214e-006  7.17531e-006  1.86491e-005  6.97398e-005   0.000154608  8.29064e-005  2.76907e-005  1.73587e-005  3.06945e-005   0.000105366   0.000377386     -0.743902             0
    0.0171284     0.0401695      0.870065       57.2527       105.191       83.9393       24.0298       12.7181       29.9382        79.288       106.034       81.0675       53.8499       71.7658       144.548       244.338       246.952       145.328       98.1078       80.4731       73.9993       86.2914       156.437        396.62       614.109       241.448       62.7094       27.3526       52.1121       136.209       348.236 -9.67089e-011 -3.02466e-010 -8.34047e-009 -5.70677e-007  -1.7983e-007  5.75247e-007  2.35953e-007  9.69092e-008  9.84446e-008 -3.34485e-007 -1.59493e-006  -2.0248e-006 -1.57196e-006 -2.01105e-006 -2.98351e-006 -1.35001e-006  3.43501e-006  4.35426e-006  4.07707e-006  4.17059e-006  4.84061e-006  7.74247e-006  2.10248e-005   8.2156e-005   0.000189577   0.000105324   3.6259e-005  2.33397e-005  4.22562e-005   0.000148148   0.000590925     -0.973352             0
    0.0444403      0.104224       2.25756       148.562       272.975       217.855        62.379        33.025       77.7735       206.098       275.843       211.118       140.434         187.5       378.556       641.843       651.177       384.997       261.373       215.849       200.088       235.508       431.442       1106.56       1735.25       691.845       179.739       93.1273       136.209       434.945       1212.68 -1.56349e-010 -5.15694e-010 -1.46947e-008 -1.01018e-006 -1.45342e-007  1.30008e-006  5.12753e-007   2.1629e-007  2.53309e-007 -5.05424e-007 -2.94905e-006 -3.85705e-006 -3.02156e-006  -3.8781e-006 -5.72867e-006 -2.36781e-006  7.21255e-006  8.97509e-006  8.42315e-006  8.69525e-006  1.02699e-005  1.69042e-005  4.75566e-005   0.000192362   0.000458031   0.000261759  9.23938e-005   6.0843e-005   0.000112514   0.000402363    0.00181046       1.97988             0
    0.0583871      0.136944       2.96663       195.256       358.866       286.522       82.0927       43.5029       102.588       272.367       365.465       280.657       187.524       251.842       512.355       877.244       901.018       540.868       374.084       316.016       301.074       365.997       695.925       1863.04       3071.66       1300.55       363.895       204.595       348.236       1212.68         13207             0             0             0             0             0             0             0             0             0             0             0             0             0             0             0             0             0             0             0             0             0             0             0             0             0             0             0             0             0             0             0     -0.644328             0
-2.11611e-008  2.14602e-007  7.46291e-006   0.000347496  -0.000525638  -0.000683494  -0.000129366 -2.92462e-005 -1.92278e-005  8.52521e-006  3.52541e-005  2.29688e-005  8.94036e-006  5.82483e-006  4.82736e-006  2.48435e-006   3.3496e-007 -9.98345e-008 -7.41691e-008 -4.11606e-008 -2.32072e-008 -1.65626e-008  -1.8761e-008 -2.95432e-008 -2.57022e-008 -4.76772e-009 -5.54635e-010 -1.31058e-010 -9.67089e-011 -1.56349e-010             0  1.42421e-005 -2.84737e-006  1.56647e-008  7.53002e-007  9.65714e-007  5.07107e-007  9.11597e-008  2.87378e-008  3.79994e-008  5.35589e-008  3.63943e-008    1.364e-008  4.32998e-009  2.70572e-009  2.52038e-009  1.95425e-009   9.0454e-010  2.45406e-010  7.75038e-011  3.03568e-011  1.36636e-011  8.02505e-012  7.56884e-012  1.03426e-011  8.95374e-012  2.04069e-012  3.12973e-013  9.75785e-014  9.25633e-014  1.82227e-013             0             0 -3.57952e-005
-3.51056e-007 -2.14911e-007  3.69842e-006   0.000162157   -0.00172914    -0.0017736  -0.000340539 -8.47538e-005 -7.13698e-005 -2.27158e-005  5.07469e-005  4.13723e-005   1.7004e-005  1.12338e-005  9.12623e-006  4.18015e-006  4.44446e-008 -4.32331e-007 -2.36254e-007 -1.20937e-007 -6.54271e-008 -4.53145e-008 -5.01116e-008 -7.76525e-008 -6.75402e-008  -1.2842e-008 -1.55601e-009 -3.87059e-010 -3.02466e-010 -5.15694e-010             0 -2.84737e-006  5.69847e-006 -2.81711e-006  1.55052e-006  2.04502e-006  1.10326e-006  2.03301e-007  6.54831e-008  8.81489e-008  1.26059e-007  8.66479e-008  3.27621e-008  1.04703e-008  6.57661e-009  6.15113e-009  4.78535e-009  2.22112e-009  6.03954e-010  1.91071e-010  7.49392e-011  3.37657e-011  1.98487e-011  1.87342e-011  2.56152e-011  2.21823e-011   5.0553e-012  7.75197e-013  2.41662e-013  2.29225e-013  4.51254e-013             0             0 -5.60923e-005
-1.06845e-005 -1.40471e-005  -0.000128541   -0.00697821    -0.0436281    -0.0396337   -0.00778789   -0.00209605   -0.00204395   -0.00138254   0.000391837   0.000609714   0.000276053   0.000186505    0.00014628  5.21423e-005 -1.62584e-005  -1.3967e-005 -6.56704e-006 -3.18885e-006 -1.67446e-006  -1.1332e-006 -1.22895e-006 -1.87873e-006 -1.63401e-006 -3.17339e-007 -3.97325e-008 -1.02674e-008 -8.34047e-009 -1.46947e-008             0  1.56647e-008 -2.81711e-006  6.24936e-006  2.56239e-005  3.88231e-005  2.16406e-005  4.11073e-006  1.36029e-006  1.87392e-006  2.73188e-006   1.9073e-006  7.30072e-007   2.3555e-007  1.49051e-007  1.40218e-007  1.09592e-007  5.10592e-008  1.39254e-008  4.41578e-009    1.735e-009  7.82836e-010  4.60695e-010  4.35228e-010  5.95523e-010  5.15936e-010  1.17589e-010  1.80309e-011  5.62088e-012  5.33156e-012  1.04959e-011             0             0  -0.000892323
 -0.000516832  -0.000745939   -0.00819544     -0.454548      -2.33908      -2.15044     -0.437987     -0.123047     -0.125979    -0.0937432     0.0154059     0.0344053     0.0162457     0.0111594    0.00874136    0.00288902    -0.0012656  -0.000965002  -0.000446141  -0.000215434  -0.000112793 -7.61519e-005  -8.2406e-005  -0.000125788  -0.000109462  -2.1341e-005 -2.68671e-006 -6.98461e-007 -5.70677e-007 -1.01018e-006             0  7.53002e-007  1.55052e-006  2.56239e-005    0.00152994    0.00215946    0.00125328   0.000246709   8.4304e-005   0.000119492   0.000178524    0.00012723  4.95268e-005  1.61955e-005  1.03575e-005  9.82469e-006  7.72805e-006  3.61828e-006  9.90557e-007  3.15026e-007  1.24054e-007  5.60689e-008  3.30389e-008  3.12427e-008  4.27806e-008   3.7085e-008  8.45646e-009  1.29723e-009  4.04514e-010   3.8378e-010   7.5565e-010             0             0   -0.00333071
  0.000456185     0.0013142     0.0312613       1.72561      0.446677     -0.775892     -0.181723    -0.0268651     0.0330662      0.199126      0.279588      0.159038     0.0616466     0.0414522     0.0366299     0.0220487    0.00572204   0.000461651  -0.000104783  -0.000113746 -7.97094e-005 -6.47957e-005 -8.04229e-005  -0.000134026  -0.000117074 -2.00656e-005 -2.00059e-006 -3.67821e-007  -1.7983e-007 -1.45342e-007             0  9.65714e-007  2.04502e-006  3.88231e-005    0.00215946    0.00322894    0.00195677   0.000401707   0.000142283   0.000208464   0.000320834   0.000234698  9.34592e-005  3.11536e-005  2.02366e-005  1.94306e-005  1.54215e-005  7.26544e-006  1.99787e-006  6.37493e-007  2.51663e-007  1.13948e-007  6.72206e-008  6.36032e-008  8.71182e-008  7.55756e-008  1.72614e-008  2.65204e-009  8.27976e-010  7.86213e-010  1.54892e-009             0             0   0.000698696
  0.000700246    0.00166253     0.0352754       2.03942       2.19887       0.88274      0.175687     0.0853738      0.173168       0.37057      0.369821      0.185067     0.0696215     0.0473416     0.0439843     0.0301439     0.0108033    0.00213864   0.000490635   0.000137896  4.04395e-005  9.86959e-006 -5.79144e-006 -2.69054e-005 -2.40425e-005 -1.98175e-007  8.29907e-007  4.63545e-007  5.75247e-007  1.30008e-006             0  5.07107e-007  1.10326e-006  2.16406e-005    0.00125328    0.00195677    0.00125855   0.000266427  9.97227e-005   0.000152407   0.000243779    0.00018454  7.57092e-005  2.58833e-005  1.71666e-005  1.67594e-005  1.34734e-005  6.40888e-006  1.77503e-006  5.69476e-007  2.25741e-007  1.02525e-007  6.06152e-008  5.74382e-008  7.87546e-008  6.83967e-008  1.56463e-008  2.40729e-009  7.52379e-010  7.14996e-010  1.40939e-009             0             0    0.00244324
  0.000128768   0.000300391    0.00635801      0.383026      0.506173      0.267643     0.0575375     0.0254711     0.0484892      0.100029     0.0986146     0.0499308     0.0192862     0.0135167     0.0129858    0.00929427    0.00354642   0.000761852   0.000192678  6.10985e-005  2.16465e-005  8.87674e-006  4.13887e-006  2.88011e-007   3.8792e-008  1.51419e-006  4.78075e-007  2.07721e-007  2.35953e-007  5.12753e-007             0  9.11597e-008  2.03301e-007  4.11073e-006   0.000246709   0.000401707   0.000266427  6.65637e-005  2.08732e-005   3.8104e-005  6.38487e-005  5.03957e-005  2.14396e-005   7.5581e-006  5.14165e-006  5.12452e-006  4.18879e-006  2.01892e-006  5.64956e-007  1.82703e-007  7.28691e-008  3.32514e-008    1.973e-008  1.87476e-008  2.57594e-008  2.24071e-008  5.13189e-009  7.90288e-010  2.47169e-010  2.35011e-010  4.63436e-010             0             0    0.00157673
 2.50197e-005  5.60084e-005    0.00116159     0.0735425       0.12244      0.078951     0.0176894     0.0075969     0.0145486     0.0313069     0.0329876     0.0179669    0.00740553    0.00546896     0.0054595    0.00399181    0.00152271   0.000320212  7.79002e-005  2.33089e-005  7.48247e-006  2.39328e-006  3.10055e-008 -2.80216e-006 -2.57307e-006  1.97842e-007  1.59242e-007  8.05186e-008  9.69092e-008   2.1629e-007             0  2.87378e-008  6.54831e-008  1.36029e-006   8.4304e-005   0.000142283  9.97227e-005  2.08732e-005  1.54584e-005  1.37167e-005  2.92627e-005   2.4248e-005  1.07678e-005  3.93747e-006  2.76188e-006  2.82304e-006  2.35565e-006  1.15453e-006  3.27407e-007  1.06993e-007  4.30208e-008  1.97552e-008  1.17797e-008  1.12364e-008  1.54853e-008  1.34986e-008  3.09552e-009   4.7711e-010  1.49318e-010  1.42047e-010  2.80229e-010             0             0   0.000378768
 6.72622e-006  5.05681e-006  -6.5402e-005  6.10122e-005     0.0733958     0.0819417     0.0187693    0.00666451     0.0113568      0.025323     0.0311051     0.0201512    0.00954357    0.00779216    0.00829441    0.00619271    0.00226896   0.000425065  8.32246e-005  1.59687e-005  5.19196e-008 -4.74305e-006 -9.78326e-006 -2.02004e-005 -1.80375e-005 -2.32162e-006 -5.85185e-008  5.33898e-008  9.84446e-008  2.53309e-007             0  3.79994e-008  8.81489e-008  1.87392e-006   0.000119492   0.000208464   0.000152407   3.8104e-005  1.37167e-005  3.54644e-005  5.28224e-005  4.86976e-005  2.27142e-005   8.6702e-006  6.30851e-006  6.64908e-006  5.69057e-006  2.84733e-006  8.21007e-007  2.71849e-007   1.1044e-007  5.11229e-008  3.06752e-008   2.9404e-008  4.06764e-008  3.55557e-008   8.1684e-009  1.26061e-009  3.94907e-010  3.75958e-010  7.42131e-010             0             0   0.000518909
-3.89048e-005  -0.000123879   -0.00325977     -0.202501    -0.0987158     0.0508244     0.0103548   -0.00252477    -0.0143204    -0.0357152    -0.0263328   -0.00331851    0.00325965    0.00528441    0.00714713    0.00521905    0.00109867  -0.000173027  -0.000192682  -0.000123262 -7.63398e-005 -5.85342e-005 -7.01399e-005  -0.000115094  -0.000102283 -1.88603e-005 -2.13567e-006 -4.82245e-007 -3.34485e-007 -5.05424e-007             0  5.35589e-008  1.26059e-007  2.73188e-006   0.000178524   0.000320834   0.000243779  6.38487e-005  2.92627e-005  5.28224e-005   0.000116098   9.9453e-005  5.03642e-005  2.01813e-005  1.53219e-005   1.6747e-005  1.47768e-005  7.58276e-006  2.23183e-006  7.51249e-007   3.0919e-007  1.44591e-007  8.74523e-008  8.43512e-008  1.17252e-007  1.02859e-007  2.36891e-008  3.66251e-009  1.14893e-009  1.09496e-009  2.16319e-009             0             0   0.000480022
-6.69029e-005  -0.000197126   -0.00503712     -0.324365     -0.257386    -0.0273107   -0.00998537    -0.0158083    -0.0493223     -0.127804      -0.13264    -0.0621417    -0.0206557    -0.0121022    -0.0105027   -0.00924471    -0.0060975   -0.00233791  -0.000956274  -0.000454213  -0.000239248  -0.000162386  -0.000175964  -0.000269671   -0.00024009 -4.94569e-005 -6.64992e-006 -1.84388e-006 -1.59493e-006 -2.94905e-006             0  3.63943e-008  8.66479e-008   1.9073e-006    0.00012723   0.000234698    0.00018454  5.03957e-005   2.4248e-005  4.86976e-005   9.9453e-005   0.000106223  4.95494e-005  2.21431e-005  1.76387e-005  2.01105e-005  1.83989e-005   9.7338e-006  2.93815e-006  1.00947e-006  4.22327e-007  2.00073e-007  1.22246e-007  1.18853e-007  1.66234e-007  1.46511e-007   3.3857e-008  5.24779e-009  1.64939e-009  1.57423e-009  3.11356e-009             0             0  -0.000324183
-3.94099e-005  -0.000116798   -0.00302001     -0.198141     -0.160716    -0.0154286   -0.00559213    -0.0105774    -0.0360555     -0.102651     -0.119197    -0.0638665    -0.0248022    -0.0172911    -0.0173004    -0.0149747   -0.00845655   -0.00288285   -0.00111257  -0.000513437  -0.000265241  -0.000176479  -0.000187133  -0.000282047  -0.000252729 -5.43428e-005  -7.7064e-006 -2.24593e-006  -2.0248e-006 -3.85705e-006             0    1.364e-008  3.27621e-008  7.30072e-007  4.95268e-005  9.34592e-005  7.57092e-005  2.14396e-005  1.07678e-005  2.27142e-005  5.03642e-005  4.95494e-005  3.46345e-005  1.00876e-005  1.08626e-005  1.29928e-005  1.24005e-005  6.80374e-006  2.11775e-006   7.4627e-007  3.18688e-007  1.53471e-007   9.4995e-008  9.33005e-008  1.31531e-007  1.16632e-007   2.7077e-008  4.21163e-009  1.32727e-009  1.26937e-009  2.51451e-009             0             0   -0.00111909
-1.56365e-005 -4.81855e-005    -0.0012826    -0.0850306     -0.058499    0.00983614    0.00236128   -0.00298404    -0.0145609    -0.0485634    -0.0632342    -0.0371334    -0.0155215    -0.0114932     -0.011928    -0.0102777   -0.00564404    -0.0019093  -0.000746234  -0.000351039  -0.000184597  -0.000124464  -0.000133155  -0.000202122  -0.000183184 -4.01672e-005 -5.80968e-006 -1.72141e-006 -1.57196e-006 -3.02156e-006             0  4.32998e-009  1.04703e-008   2.3555e-007  1.61955e-005  3.11536e-005  2.58833e-005   7.5581e-006  3.93747e-006   8.6702e-006  2.01813e-005  2.21431e-005  1.00876e-005   1.1819e-005  2.58806e-006   6.8547e-006  6.86494e-006  3.93065e-006  1.26926e-006  4.61308e-007  2.02072e-007  9.93346e-008  6.25025e-008  6.21866e-008  8.85591e-008  7.91485e-008  1.84876e-008  2.88917e-009  9.13791e-010  8.76339e-010   1.7396e-009             0             0  -0.000975163
