IGOR
WAVES/D/O/N=(64, 64)	Hess
BEGIN
       5740.5       205.491       15.2098       11.6672       129.074         10373       32368.2       17998.3       631.603       84.4814       84.1246       392.896       2324.71          2736       1779.34       906.258       574.535       481.239       383.774       272.606       207.553       181.628       154.774       108.771       51.6059       15.0165       4.17519       1.77736       1.56439       3.13343       11.9109    0.00621271  -6.3128e-005 -1.72177e-005 -1.91142e-005  -0.000233963    -0.0181381    -0.0434631    -0.0082377   0.000266162  8.96762e-005   0.000127167   0.000715128    0.00470884    0.00587126    0.00390622    0.00199908    0.00126602    0.00105811   0.000842322   0.000597879   0.000455296   0.000398761   0.000340206    0.00023939   0.000113708  3.31176e-005  9.21425e-006  3.92442e-006  3.45543e-006  6.92299e-006  2.63376e-005        4.4954             0
      205.491       10.4187     -0.711149      0.751381        4.8711       394.945       1241.79       694.837       24.5097       3.29227       3.28961       15.4058       91.3503       107.694       70.1302       35.7553       22.6854       19.0131       15.1694       10.7791       8.20898       7.18509        6.1237       4.30406       2.04223      0.594297      0.165247     0.0703475     0.0619199      0.124027      0.471489    0.00047386  6.57229e-006 -6.77681e-008 -3.48859e-007  -5.8055e-006  -0.000529452   -0.00140233  -0.000282908  8.63937e-006  2.98742e-006  4.26226e-006   2.4005e-005    0.00015792   0.000196203   0.000129686  6.58598e-005  4.14146e-005  3.44113e-005  2.72692e-005   1.9291e-005  1.46561e-005  1.28157e-005  1.09222e-005  7.68018e-006  3.64627e-006   1.0616e-006  2.95289e-007  1.25739e-007  1.10695e-007  2.21751e-007  8.43283e-007      -3.95852             0
      15.2098     -0.711149       1.93304       -1.2293      0.681805       30.0206       95.2841       53.7472       1.90888      0.257883      0.258887       1.21701       7.23817       8.55345       5.58041       2.84926       1.80977       1.51811       1.21201      0.861661      0.656465      0.574753      0.489958      0.344427      0.163447     0.0475685     0.0132276    0.00563146    0.00495702    0.00992934     0.0377503  4.49762e-005  9.26513e-007  2.68585e-008 -3.71104e-009 -2.39047e-007 -2.90131e-005 -8.79063e-005 -1.88356e-005  5.68311e-007  1.99483e-007  2.85942e-007  1.61173e-006   1.0584e-005  1.30815e-005  8.56609e-006  4.30154e-006  2.67637e-006   2.2039e-006  1.73407e-006  1.22021e-006  9.23514e-007  8.05429e-007  6.85214e-007  4.81252e-007  2.28294e-007  6.64273e-008  1.84684e-008  7.86134e-009  6.91881e-009  1.38572e-008  5.26604e-008     -0.455602             0
      11.6672      0.751381       -1.2293       1.91887     -0.960758       25.2782       80.1365       45.6639       1.63628       0.22275      0.225052       1.06353        6.3522       7.53188       4.92705       2.52092       1.60382       1.34703       1.07645      0.765856      0.583803      0.511354      0.436055       0.30661      0.145529     0.0423597     0.0117804    0.00501577    0.00441535    0.00884474     0.0336318  4.00442e-005  9.75973e-007  4.10053e-008  1.20234e-008 -5.06371e-008 -1.51404e-005 -5.67719e-005 -1.27925e-005  4.20831e-007  1.45495e-007  2.08271e-007  1.17068e-006  7.64721e-006  9.35862e-006  6.02869e-006  2.96774e-006  1.81098e-006   1.4661e-006  1.13757e-006  7.91922e-007  5.94672e-007  5.15755e-007  4.37093e-007  3.06181e-007  1.44976e-007   4.2126e-008  1.16997e-008  4.97604e-009  4.37665e-009   8.7614e-009  3.32431e-008     -0.291274             0
      129.074        4.8711      0.681805     -0.960758       5.38286       292.213       955.082       550.875        19.965       2.74539       2.79792       13.3187       80.0266       95.3483       62.6141       32.1342       20.4926       17.2434       13.7994       9.82846        7.4984       6.57207       5.60704       3.94404       1.87252      0.545159      0.151636     0.0645704     0.0568462      0.113881      0.433127   0.000461585  1.24569e-005  6.15404e-007  2.71484e-007   8.5863e-007 -7.95424e-005  -0.000468311  -0.000107654  4.66171e-006  1.50769e-006   2.1282e-006  1.18318e-005  7.62644e-005   9.1439e-005  5.70297e-005  2.69514e-005   1.5761e-005  1.22597e-005  9.18655e-006  6.21647e-006  4.56759e-006  3.89841e-006   3.2662e-006  2.26952e-006  1.06838e-006  3.09085e-007  8.55518e-008  3.62907e-008  3.18542e-008  6.36669e-008  2.40351e-007       -1.4406             0
        10373       394.945       30.0206       25.2782       292.213       25042.7       82704.9       48434.2       1780.38       248.032       255.726       1229.54       7450.16       8938.16       5902.53        3042.8        1947.3       1643.06        1317.7       940.065        718.11       630.006       537.896       378.573       179.814       52.3675       14.5697       6.20529       5.46377       10.9469       41.6489     0.0364326    0.00105601  5.76426e-005  3.03275e-005   0.000169371   0.000686599     -0.022784   -0.00470252   0.000408613   0.000115664   0.000157405   0.000851116    0.00531698    0.00609089    0.00352814    0.00150141   0.000771729   0.000518614    0.00033264   0.000192977   0.000123011  9.28116e-005  7.02763e-005  4.50785e-005  1.99274e-005  5.48111e-006  1.45604e-006  5.97461e-007  5.10672e-007  9.99453e-007  3.51519e-006       2.13078             0
      32368.2       1241.79       95.2841       80.1365       955.082       82704.9        277698        165425          6186       876.011       916.959       4468.54       27392.3       33185.2         22091         11462       7373.26       6246.59       5025.55       3594.13       2750.74       2416.77       2065.73       1455.11       691.594       201.514       56.0863       23.8943       21.0435       42.1686        160.52      0.101944    0.00309089   0.000178997    0.00010293   0.000686184     0.0163862    -0.0356957   -0.00329733    0.00148907   0.000375611   0.000495357    0.00261495     0.0158319     0.0171819    0.00894717    0.00311899    0.00110037   0.000291932  -0.000172103  -0.000342908   -0.00038554    -0.0004164  -0.000402989  -0.000307369  -0.000154175  -4.6691e-005  -1.3373e-005 -5.82125e-006 -5.21074e-006 -1.05708e-005 -4.18031e-005     -0.807636             0
      17998.3       694.837       53.7472       45.6639       550.875       48434.2        165425        100422        3828.9       553.632       590.319       2927.54       18226.2       22376.2         15062       7886.41       5110.44        4354.8       3519.61       2526.11       1938.69       1706.95        1461.4       1030.71       490.349        142.98       39.8171       16.9704       14.9505       29.9663       114.158     0.0425967    0.00130298  7.62192e-005  4.40834e-005   0.000288148    0.00493525    -0.0275027   -0.00454721   0.000875873   0.000246487   0.000349939     0.0019712     0.0126949     0.0147324    0.00839888     0.0033806    0.00156052   0.000873312   0.000410912   0.000133994   1.2201e-005 -4.65855e-005 -7.46274e-005 -6.99545e-005 -3.92348e-005 -1.27437e-005 -3.82798e-006 -1.72337e-006 -1.58061e-006 -3.26408e-006 -1.36003e-005       1.62085             0
      631.603       24.5097       1.90888       1.63628        19.965       1780.38          6186        3828.9       151.212       20.8097       24.4067       122.095       775.314       968.518       661.646       350.717       229.554       197.189       160.388        115.69       89.1334       78.7151       67.5479       47.7255       22.7359       6.63643       1.84957      0.788778      0.695215       1.39395        5.3162    0.00100414  3.01549e-005  1.71262e-006   9.2472e-007  4.72289e-006  -0.000146887    -0.0017231  -0.000493982  2.61222e-005  9.73322e-006  1.56298e-005  9.67156e-005   0.000677327   0.000856548   0.000542545   0.000251069   0.000139843    0.00010167  7.05027e-005  4.41376e-005  3.02223e-005  2.43128e-005   1.9441e-005  1.30377e-005   5.9738e-006  1.69187e-006  4.60369e-007  1.92638e-007  1.67268e-007  3.31491e-007  1.21671e-006       -1.0825             0
      84.4814       3.29227      0.257883       0.22275       2.74539       248.032       876.011       553.632       20.8097       5.23772       2.48533       19.7949       126.684       161.691       112.544       60.6066       40.1904        34.892       28.6218       20.7841       16.0973       14.2738       12.2874       8.70266       4.15356       1.21412      0.338742      0.144581      0.127512      0.255792      0.977009  8.64791e-005  2.49713e-006  1.32459e-007  5.97793e-008  6.28391e-008 -5.45905e-005  -0.000319923  -0.000115662  2.17656e-006  1.29803e-006  2.37619e-006  1.60456e-005   0.000120677   0.000162754   0.000109968  5.44631e-005  3.25581e-005  2.54451e-005  1.89567e-005  1.26977e-005  9.23283e-006  7.81243e-006  6.50496e-006  4.50147e-006  2.11316e-006  6.10007e-007  1.68528e-007  7.13747e-008  6.25661e-008  1.24916e-007  4.69828e-007     -0.356857             0
      84.1246       3.28961      0.258887      0.225052       2.79792       255.726       916.959       590.319       24.4067       2.48533       6.20789       21.8129       154.521       201.837       143.675       78.8837       53.1695       46.7829       38.7942       28.4156       22.1584       19.7533       17.0749       12.1322       5.80462       1.69993       0.47497      0.202948      0.179138      0.359585       1.37622  5.25806e-005  1.40707e-006  6.36738e-008  1.41588e-008 -3.42502e-007 -7.91745e-005  -0.000385391  -0.000161972   3.4493e-007  1.12798e-006  2.41549e-006  1.78407e-005   0.000143738   0.000205458   0.000146215  7.59516e-005  4.74354e-005  3.85718e-005  2.97644e-005  2.05473e-005  1.53174e-005  1.32216e-005  1.11806e-005  7.82906e-006  3.70856e-006  1.07803e-006  2.99444e-007  1.27353e-007  1.11998e-007  2.24167e-007   8.4991e-007     -0.267093             0
      392.896       15.4058       1.21701       1.06353       13.3187       1229.54       4468.54       2927.54       122.095       19.7949       21.8129       128.972       873.355       1177.63       859.833       482.927       331.919       296.869       249.507       184.752        145.32       130.433        113.35       80.8713       38.8165       11.3957       3.18999         1.365       1.20618        2.4232       9.29882   0.000138114  3.13699e-006  8.20514e-008 -7.50052e-008 -2.82234e-006  -0.000439928   -0.00198897  -0.000933924 -7.81822e-006  3.89642e-006  1.03635e-005  8.45213e-005   0.000731347    0.00110793   0.000828055   0.000448694   0.000290718   0.000244029   0.000193491   0.000136658   0.000103813  9.09862e-005  7.78806e-005  5.50574e-005  2.62746e-005  7.68172e-006  2.14324e-006  9.14633e-007  8.06465e-007   1.6174e-006  6.17158e-006     -0.171096             0
      2324.71       91.3503       7.23817        6.3522       80.0266       7450.16       27392.3       18226.2       775.314       126.684       154.521       873.355       6206.36       8602.93       6463.59       3724.43       2618.48       2387.98          2040       1530.92       1217.27       1102.03       964.221       691.601       333.323       98.1681       27.5475       11.8098       10.4506       21.0181       80.9359   0.000393172  5.26272e-006  -3.2714e-007 -9.52764e-007 -2.07076e-005   -0.00278225     -0.012167    -0.0062205 -9.81951e-005  1.30467e-005  5.04574e-005   0.000463011    0.00432814    0.00696962    0.00547844    0.00309917    0.00208519    0.00180929    0.00147669    0.00106935   0.000829808   0.000740322   0.000642981   0.000459913   0.000221526  6.52373e-005  1.83039e-005  7.84503e-006   6.9402e-006  1.39542e-005  5.36785e-005      0.906324             0
         2736       107.694       8.55345       7.53188       95.3483       8938.16       33185.2       22376.2       968.518       161.691       201.837       1177.63       8602.93       12301.3       9516.13       5640.48       4067.96       3794.59       3305.19       2521.11       2031.62        1859.3       1640.88       1184.98       574.155       169.795       47.7993       20.5421       18.2121       36.6805       141.897    0.00016936 -2.43896e-006 -8.62369e-007 -1.36409e-006 -2.53229e-005   -0.00318774     -0.013788   -0.00751799  -0.000158002  4.25037e-006  4.35984e-005   0.000461861    0.00468807    0.00803835     0.0066504    0.00393205    0.00275385    0.00247939    0.00209321    0.00156285    0.00124597    0.00113772    0.00100753   0.000732212   0.000357194   0.000106245  3.00412e-005  1.29527e-005  1.15114e-005  2.32267e-005  9.03582e-005     -0.212264             0
      1779.34       70.1302       5.58041       4.92705       62.6141       5902.53         22091         15062       661.646       112.544       143.675       859.833       6463.59       9516.13       7592.15       4631.86       3436.73       3288.48       2929.92       2278.82       1866.65       1731.46       1544.77       1125.28       548.973       163.218       46.1389       19.8921       17.6793       35.6748       138.844  3.09698e-005 -3.29788e-006  -5.9649e-007 -8.32292e-007 -1.47241e-005   -0.00181903   -0.00791369   -0.00452031  -0.000110273 -2.03279e-006  1.91392e-005   0.000237882    0.00261414    0.00475479    0.00412662     0.0025449    0.00185579    0.00173839    0.00152515      0.001181   0.000973486   0.000915393   0.000831124   0.000616571   0.000305797  9.21481e-005  2.63199e-005   1.1437e-005  1.02254e-005  2.07266e-005  8.18244e-005     0.0361729             0
      906.258       35.7553       2.84926       2.52092       32.1342        3042.8         11462       7886.41       350.717       60.6066       78.8837       482.927       3724.43       5640.48       4631.86       2916.52       2225.54       2191.93       2003.46       1594.12       1331.63       1255.67       1135.54       836.275       411.551       123.204       35.0151       15.1593       13.5164       27.3421       107.265  6.62843e-006 -1.49788e-006 -2.50342e-007 -3.42637e-007 -6.03942e-006  -0.000750008    -0.0033119   -0.00195533  -5.1763e-005 -2.10539e-006  6.40709e-006  9.30172e-005    0.00109517    0.00209858    0.00190287    0.00122261   0.000930255   0.000911209    0.00083659   0.000677106   0.000581467   0.000566902   0.000530767   0.000403831   0.000204389  6.25801e-005  1.80973e-005  7.93946e-006  7.15069e-006   1.4576e-005  5.85897e-005     -0.127317             0
      574.535       22.6854       1.80977       1.60382       20.4926        1947.3       7373.26       5110.44       229.554       40.1904       53.1695       331.919       2618.48       4067.96       3436.73       2225.54       1755.48       1776.81       1672.29       1365.16       1166.74       1122.03       1031.56       770.061       383.135       115.702       33.1096       14.4115       12.9033       26.1858       103.806  5.00901e-006  -6.5446e-007 -1.16035e-007 -1.62401e-007 -2.90873e-006  -0.000367038   -0.00165022  -0.000997571 -2.76628e-005 -1.44603e-006  2.72964e-006  4.51249e-005   0.000561531    0.00112557    0.00106357    0.00071295   0.000568764   0.000586761   0.000568323   0.000484556   0.000436519   0.000443832   0.000430559    0.00033729   0.000174762  5.45097e-005  1.59933e-005  7.09565e-006  6.44633e-006  1.32281e-005  5.43263e-005     -0.122164             0
      481.239       19.0131       1.51811       1.34703       17.2434       1643.06       6246.59        4354.8       197.189        34.892       46.7829       296.869       2387.98       3794.59       3288.48       2191.93       1776.81       1860.52       1799.55        1512.9       1326.57       1305.19       1223.69       928.599       468.277       142.958       41.2645       18.0837       16.2775       33.1698       133.279  6.01455e-006 -3.07101e-007 -6.55092e-008 -9.66601e-008 -1.78255e-006  -0.000230066   -0.00105448  -0.000648045 -1.83994e-005 -1.05557e-006  1.64131e-006  2.93316e-005   0.000379488   0.000789496   0.000775349   0.000542892   0.000455745   0.000497523   0.000510848    0.00046094   0.000437525   0.000465907   0.000470214   0.000380694   0.000202618  6.45721e-005  1.92707e-005  8.66455e-006   7.9538e-006  1.64531e-005  6.93643e-005     0.0823607             0
      383.774       15.1694       1.21201       1.07645       13.7994        1317.7       5025.55       3519.61       160.388       28.6218       38.7942       249.507          2040       3305.19       2929.92       2003.46       1672.29       1799.55       1800.73       1555.49       1404.64       1417.56       1359.39       1051.72       539.003       166.742        48.646       21.5001       19.4823       39.9077        163.14  5.96605e-006  -9.5226e-008  -3.2609e-008  -5.2595e-008 -1.01143e-006  -0.000134272  -0.000627904   -0.00039012 -1.11495e-005 -6.42375e-007  1.02497e-006   1.8544e-005   0.000245246     0.0005252   0.000534144   0.000390333   0.000344887   0.000398573   0.000434171   0.000415272   0.000416486   0.000466228   0.000491595   0.000413099   0.000226767  7.41114e-005  2.25696e-005   1.0312e-005  9.58635e-006  2.00262e-005  8.72223e-005     0.0793985             0
      272.606       10.7791      0.861661      0.765856       9.82846       940.065       3594.13       2526.11        115.69       20.7841       28.4156       184.752       1530.92       2521.11       2278.82       1594.12       1365.16        1512.9       1555.49        1390.6       1289.06       1339.46       1316.92       1041.61       543.992       170.954       50.5203       22.5607       20.6119       42.4952       177.522  4.55758e-006  1.22281e-009 -1.34559e-008 -2.48249e-008  -5.0331e-007 -6.89749e-005   -0.00032907   -0.00020585 -5.85387e-006 -3.18968e-007  6.05248e-007   1.0603e-005   0.000141573   0.000309948   0.000325143   0.000247309   0.000229361   0.000279814   0.000322766   0.000327201   0.000347291   0.000409902   0.000453292   0.000397103   0.000225873  7.60515e-005  2.37361e-005  1.10633e-005  1.04503e-005  2.21087e-005   0.000100537      -0.03635             0
      207.553       8.20898      0.656465      0.583803        7.4984        718.11       2750.74       1938.69       89.1334       16.0973       22.1584        145.32       1217.27       2031.62       1866.65       1331.63       1166.74       1326.57       1404.64       1289.06        1237.1       1318.31       1333.54       1080.54       576.476       184.474       55.3414       25.0181       23.0825         47.96       205.721  3.34574e-006   2.8701e-008 -5.56723e-009 -1.24367e-008 -2.67724e-007  -3.7901e-005   -0.00018423  -0.000115717  -3.2538e-006 -1.61043e-007  3.89575e-007  6.52028e-006  8.73423e-005   0.000194541   0.000209652   0.000165307    0.00016016   0.000205286   0.000249848   0.000267937   0.000300918   0.000375086   0.000436594   0.000400925   0.000237939  8.31692e-005  2.68069e-005  1.28372e-005  1.23987e-005  2.67068e-005   0.000129423    -0.0743195             0
      181.628       7.18509      0.574753      0.511354       6.57207       630.006       2416.77       1706.95       78.7151       14.2738       19.7533       130.433       1102.03        1859.3       1731.46       1255.67       1122.03       1305.19       1417.56       1339.46       1318.31       1453.06       1506.42       1254.26       684.627       223.508       68.1909       31.2579       29.1653        61.144       270.509  2.60475e-006  3.41326e-008 -2.50527e-009  -7.2247e-009  -1.6517e-007 -2.40857e-005  -0.000118962 -7.49143e-005 -2.08026e-006 -9.19458e-008   2.8429e-007  4.57636e-006  6.14056e-005   0.000138719   0.000152994   0.000124464   0.000125272   0.000167742   0.000214356   0.000242288   0.000287374   0.000378605   0.000465946   0.000452147   0.000282925    0.00010384  3.49479e-005  1.73654e-005  1.72944e-005  3.81912e-005   0.000202134  -0.000113004             0
      154.774        6.1237      0.489958      0.436055       5.60704       537.896       2065.73        1461.4       67.5479       12.2874       17.0749        113.35       964.221       1640.88       1544.77       1135.54       1031.56       1223.69       1359.39       1316.92       1333.54       1506.42       1612.19        1373.6       769.119       256.326       79.6223       37.0493       34.9952       74.0927       339.346  1.84728e-006  2.84889e-008 -1.11253e-009 -4.23188e-009  -1.0146e-007 -1.51215e-005  -7.5555e-005 -4.76855e-005  -1.3135e-006 -5.32635e-008  1.95311e-007  3.07929e-006  4.14745e-005   9.4897e-005   0.000106772  8.92129e-005  9.27628e-005   0.000129008   0.000172142   0.000204091   0.000254875   0.000355117   0.000464469   0.000480503   0.000320335   0.000124699  4.41998e-005   2.2945e-005  2.36855e-005  5.38313e-005    0.00031468     -0.010721             0
      108.771       4.30406      0.344427       0.30661       3.94404       378.573       1455.11       1030.71       47.7255       8.70266       12.1322       80.8713       691.601       1184.98       1125.28       836.275       770.061       928.599       1051.72       1041.61       1080.54       1254.26        1373.6       1205.94       688.095       235.059       74.2678       35.0984       33.5819       71.8495       341.796  1.02116e-006  1.66101e-008 -4.81945e-010 -2.16201e-009 -5.30063e-008 -7.98156e-006 -4.01205e-005 -2.53899e-005 -6.99632e-007 -2.79895e-008  1.06089e-007  1.67494e-006  2.27368e-005  5.26776e-005  6.03108e-005  5.15468e-005  5.50924e-005  7.91392e-005   0.000109635   0.000135607   0.000177652    0.00026171   0.000365032   0.000404686   0.000288767   0.000119571  4.46909e-005  2.42405e-005  2.59252e-005  6.06028e-005   0.000390021     0.0328567             0
      51.6059       2.04223      0.163447      0.145529       1.87252       179.814       691.594       490.349       22.7359       4.15356       5.80462       38.8165       333.323       574.155       548.973       411.551       383.135       468.277       539.003       543.992       576.476       684.627       769.119       688.095       405.476       138.997       45.4994         21.69       21.0292         45.49       225.653  3.66191e-007  5.92082e-009 -1.78751e-010 -7.84144e-010 -1.91888e-008 -2.88982e-006 -1.45458e-005 -9.23455e-006 -2.56451e-007 -1.08248e-008  3.75537e-008  6.04601e-007  8.29945e-006  1.94645e-005   2.2624e-005  1.97061e-005  2.15492e-005  3.18068e-005  4.54886e-005  5.83673e-005  7.98644e-005   0.000124148   0.000184585   0.000219081   0.000166858  7.31895e-005  2.87173e-005  1.62103e-005  1.79047e-005  4.29455e-005   0.000302526      0.170133             0
      15.0165      0.594297     0.0475685     0.0423597      0.545159       52.3675       201.514        142.98       6.63643       1.21412       1.69993       11.3957       98.1681       169.795       163.218       123.204       115.702       142.958       166.742       170.954       184.474       223.508       256.326       235.059       138.997       51.5747       15.0235       8.25485       7.80225       17.0739       88.8268   7.9196e-008  1.24137e-009 -4.48296e-011 -1.78097e-010 -4.30588e-009 -6.45732e-007 -3.24774e-006 -2.06817e-006 -5.80158e-008 -2.62969e-009  8.02601e-009   1.3273e-007  1.84346e-006  4.37078e-006  5.14442e-006  4.55041e-006  5.06917e-006  7.64987e-006  1.12318e-005  1.48654e-005  2.11379e-005  3.45303e-005  5.44838e-005  6.88054e-005  5.55169e-005  2.56051e-005  1.04812e-005  6.12841e-006   6.9681e-006  1.71134e-005   0.000131621    0.00886314             0
      4.17519      0.165247     0.0132276     0.0117804      0.151636       14.5697       56.0863       39.8171       1.84957      0.338742       0.47497       3.18999       27.5475       47.7993       46.1389       35.0151       33.1096       41.2645        48.646       50.5203       55.3414       68.1909       79.6223       74.2678       45.4994       15.0235       7.31875       1.42407        2.9914       5.92807        32.627  1.63568e-008  2.47939e-010 -1.05888e-011  -3.8611e-011 -9.22616e-010 -1.37763e-007 -6.92138e-007 -4.41857e-007 -1.25032e-008  -6.0077e-010   1.6398e-009  2.78069e-008  3.90104e-007  9.33167e-007  1.10935e-006  9.93229e-007  1.12279e-006  1.72459e-006   2.5863e-006  3.51152e-006    5.161e-006  8.80917e-006  1.46457e-005  1.95077e-005   1.6525e-005  7.95123e-006  3.37527e-006   2.0358e-006  2.37654e-006  5.96717e-006   5.0127e-005    -0.0539484             0
      1.77736     0.0703475    0.00563146    0.00501577     0.0645704       6.20529       23.8943       16.9704      0.788778      0.144581      0.202948         1.365       11.8098       20.5421       19.8921       15.1593       14.4115       18.0837       21.5001       22.5607       25.0181       31.2579       37.0493       35.0984         21.69       8.25485       1.42407       3.24159      0.101268       3.37439       18.0267  5.19508e-009  7.65775e-011 -3.70464e-012 -1.27324e-011 -3.01579e-010 -4.48827e-008 -2.25309e-007  -1.4411e-007 -4.10487e-009 -2.05682e-010  5.15985e-010  8.92981e-009  1.26269e-007  3.04141e-007  3.64371e-007   3.2931e-007  3.76532e-007  5.86414e-007  8.94306e-007  1.23961e-006  1.87304e-006  3.31905e-006  5.76699e-006  8.02737e-006  7.07702e-006  3.52723e-006  1.54453e-006  9.57484e-007  1.14493e-006  2.93514e-006  2.70029e-005    -0.0645226             0
      1.56439     0.0619199    0.00495702    0.00441535     0.0568462       5.46377       21.0435       14.9505      0.695215      0.127512      0.179138       1.20618       10.4506       18.2121       17.6793       13.5164       12.9033       16.2775       19.4823       20.6119       23.0825       29.1653       34.9952       33.5819       21.0292       7.80225        2.9914      0.101268       3.28906       1.91565       20.6618  3.42972e-009  4.95594e-011 -2.60267e-012 -8.62169e-012  -2.0304e-010 -3.01529e-008 -1.51293e-007 -9.69033e-008  -2.7731e-009 -1.42933e-010  3.38087e-010   5.9401e-009  8.44879e-008  2.04567e-007  2.46529e-007  2.24417e-007  2.58858e-007  4.07504e-007  6.29681e-007  8.87331e-007  1.37156e-006  2.50702e-006  4.51624e-006  6.51377e-006  5.93081e-006  3.04289e-006  1.36801e-006  8.68679e-007  1.06159e-006  2.77501e-006  2.81233e-005    -0.0875613             0
      3.13343      0.124027    0.00992934    0.00884474      0.113881       10.9469       42.1686       29.9663       1.39395      0.255792      0.359585        2.4232       21.0181       36.6805       35.6748       27.3421       26.1858       33.1698       39.9077       42.4952         47.96        61.144       74.0927       71.8495         45.49       17.0739       5.92807       3.37439       1.91565       8.90896       51.1907  5.17882e-009  7.39802e-011 -4.06487e-012 -1.32051e-011 -3.10015e-010 -4.59888e-008 -2.30717e-007 -1.47919e-007 -4.24585e-009 -2.22715e-010  5.07592e-010  9.00891e-009  1.28663e-007   3.1272e-007  3.78543e-007  3.46478e-007  4.02338e-007  6.38627e-007  9.96924e-007  1.42324e-006  2.24053e-006   4.1997e-006  7.78759e-006  1.15533e-005  1.07937e-005  5.67031e-006   2.6062e-006  1.68968e-006  2.10551e-006  5.60421e-006    6.322e-005     -0.144731             0
      11.9109      0.471489     0.0377503     0.0336318      0.433127       41.6489        160.52       114.158        5.3162      0.977009       1.37622       9.29882       80.9359       141.897       138.844       107.265       103.806       133.279        163.14       177.522       205.721       270.509       339.346       341.796       225.653       88.8268        32.627       18.0267       20.6618       51.1907       1180.81             0             0             0             0             0             0             0             0             0             0             0             0             0             0             0             0             0             0             0             0             0             0             0             0             0             0             0             0             0             0             0      0.202052             0
   0.00621271    0.00047386  4.49762e-005  4.00442e-005   0.000461585     0.0364326      0.101944     0.0425967    0.00100414  8.64791e-005  5.25806e-005   0.000138114   0.000393172    0.00016936  3.09698e-005  6.62843e-006  5.00901e-006  6.01455e-006  5.96605e-006  4.55758e-006  3.34574e-006  2.60475e-006  1.84728e-006  1.02116e-006  3.66191e-007   7.9196e-008  1.63568e-008  5.19508e-009  3.42972e-009  5.17882e-009             0   0.000102233  -1.3052e-005  6.15769e-008  4.04206e-008  3.68496e-007  2.40434e-005  6.01612e-005  2.65578e-005  7.32915e-007  7.64643e-008  5.90051e-008  2.12476e-007  9.65521e-007  8.70135e-007  4.32411e-007   1.6803e-007   8.1175e-008   5.1764e-008   3.1404e-008  1.69604e-008  9.81334e-009  6.52376e-009  4.22189e-009  2.25272e-009  8.11332e-010  1.79191e-010  3.78122e-011  1.22156e-011  8.15916e-012  1.24014e-011             0             0    -0.0257933
 -6.3128e-005  6.57229e-006  9.26513e-007  9.75973e-007  1.24569e-005    0.00105601    0.00309089    0.00130298  3.01549e-005  2.49713e-006  1.40707e-006  3.13699e-006  5.26272e-006 -2.43896e-006 -3.29788e-006 -1.49788e-006  -6.5446e-007 -3.07101e-007  -9.5226e-008  1.22281e-009   2.8701e-008  3.41326e-008  2.84889e-008  1.66101e-008  5.92082e-009  1.24137e-009  2.47939e-010  7.65775e-011  4.95594e-011  7.39802e-011             0  -1.3052e-005  2.81459e-005 -1.40546e-005  1.40376e-009  1.31801e-008  8.82794e-007  2.25907e-006  1.01597e-006  2.84727e-008  3.00836e-009  2.34535e-009  8.51494e-009  3.89444e-008  3.52759e-008  1.75996e-008  6.85975e-009  3.32161e-009  2.12186e-009  1.28898e-009  6.96838e-010  4.03496e-010  2.68391e-010  1.73766e-010  9.27496e-011  3.34131e-011  7.38112e-012  1.55778e-012  5.03314e-013  3.36209e-013   5.1105e-013             0             0   -0.00031046
-1.72177e-005 -6.77681e-008  2.68585e-008  4.10053e-008  6.15404e-007  5.76426e-005   0.000178997  7.62192e-005  1.71262e-006  1.32459e-007  6.36738e-008  8.20514e-008  -3.2714e-007 -8.62369e-007  -5.9649e-007 -2.50342e-007 -1.16035e-007 -6.55092e-008  -3.2609e-008 -1.34559e-008 -5.56723e-009 -2.50527e-009 -1.11253e-009 -4.81945e-010 -1.78751e-010 -4.48296e-011 -1.05888e-011 -3.70464e-012 -2.60267e-012 -4.06487e-012             0  6.15769e-008 -1.40546e-005  2.81134e-005 -1.40565e-005  9.26437e-010  6.40125e-008  1.68408e-007    7.756e-008  2.21793e-009   2.3833e-010  1.88394e-010   6.9166e-010  3.19172e-009  2.91145e-009  1.46055e-009  5.71694e-010  2.77726e-010  1.77853e-010  1.08246e-010  5.86026e-011  3.39699e-011  2.26141e-011  1.46504e-011  7.82361e-012  2.81951e-012  6.23023e-013  1.31517e-013  4.24999e-014  2.83931e-014  4.31626e-014             0             0  1.22435e-005
-1.91142e-005 -3.48859e-007 -3.71104e-009  1.20234e-008  2.71484e-007  3.03275e-005    0.00010293  4.40834e-005   9.2472e-007  5.97793e-008  1.41588e-008 -7.50052e-008 -9.52764e-007 -1.36409e-006 -8.32292e-007 -3.42637e-007 -1.62401e-007 -9.66601e-008  -5.2595e-008 -2.48249e-008 -1.24367e-008  -7.2247e-009 -4.23188e-009 -2.16201e-009 -7.84144e-010 -1.78097e-010  -3.8611e-011 -1.27324e-011 -8.62169e-012 -1.32051e-011             0  4.04206e-008  1.40376e-009 -1.40565e-005  2.81133e-005 -1.40559e-005  5.01159e-008  1.36295e-007  6.46546e-008   1.8973e-009  2.08438e-010   1.6784e-010  6.25601e-010  2.92235e-009  2.69178e-009  1.36072e-009  5.35794e-010  2.61484e-010  1.68043e-010  1.02551e-010  5.56335e-011  3.22992e-011  2.15275e-011  1.39591e-011  7.45959e-012  2.68976e-012  5.94595e-013  1.25555e-013   4.0583e-014  2.71173e-014  4.12288e-014             0             0  1.68182e-005
 -0.000233963  -5.8055e-006 -2.39047e-007 -5.06371e-008   8.5863e-007   0.000169371   0.000686184   0.000288148  4.72289e-006  6.28391e-008 -3.42502e-007 -2.82234e-006 -2.07076e-005 -2.53229e-005 -1.47241e-005 -6.03942e-006 -2.90873e-006 -1.78255e-006 -1.01143e-006  -5.0331e-007 -2.67724e-007  -1.6517e-007  -1.0146e-007 -5.30063e-008 -1.91888e-008 -4.30588e-009 -9.22616e-010 -3.01579e-010  -2.0304e-010 -3.10015e-010             0  3.68496e-007  1.31801e-008  9.26437e-010 -1.40559e-005  2.81206e-005 -1.35104e-005  1.54365e-006  7.58878e-007  2.30001e-008  2.59957e-009  2.14465e-009  8.15735e-009  3.87413e-008  3.61634e-008  1.84753e-008  7.33542e-009  3.60308e-009  2.32709e-009  1.42559e-009   7.7564e-010  4.51321e-010  3.01319e-010  1.95639e-010  1.04651e-010  3.77637e-011  8.35287e-012  1.76459e-012  5.70555e-013   3.8134e-013  5.79896e-013             0             0  7.82404e-006
   -0.0181381  -0.000529452 -2.90131e-005 -1.51404e-005 -7.95424e-005   0.000686599     0.0163862    0.00493525  -0.000146887 -5.45905e-005 -7.91745e-005  -0.000439928   -0.00278225   -0.00318774   -0.00181903  -0.000750008  -0.000367038  -0.000230066  -0.000134272 -6.89749e-005  -3.7901e-005 -2.40857e-005 -1.51215e-005 -7.98156e-006 -2.88982e-006 -6.45732e-007 -1.37763e-007 -4.48827e-008 -3.01529e-008 -4.59888e-008             0  2.40434e-005  8.82794e-007  6.40125e-008  5.01159e-008 -1.35104e-005  7.05565e-005   0.000111142  6.41592e-005  2.02174e-006  2.36713e-007  2.01422e-007  7.86563e-007  3.81826e-006  3.62839e-006  1.88043e-006  7.55116e-007  3.74214e-007  2.43363e-007  1.49881e-007   8.1882e-008   4.7794e-008  3.19855e-008  2.08054e-008  1.11448e-008  4.02595e-009  8.91218e-010  1.88391e-010  6.09426e-011  4.07466e-011  6.19795e-011             0             0   -0.00131834
   -0.0434631   -0.00140233 -8.79063e-005 -5.67719e-005  -0.000468311     -0.022784    -0.0356957    -0.0275027    -0.0017231  -0.000319923  -0.000385391   -0.00198897     -0.012167     -0.013788   -0.00791369    -0.0033119   -0.00165022   -0.00105448  -0.000627904   -0.00032907   -0.00018423  -0.000118962  -7.5555e-005 -4.01205e-005 -1.45458e-005 -3.24774e-006 -6.92138e-007 -2.25309e-007 -1.51293e-007 -2.30717e-007             0  6.01612e-005  2.25907e-006  1.68408e-007  1.36295e-007  1.54365e-006   0.000111142   0.000414648   0.000193402  6.83815e-006  8.35022e-007  7.37913e-007  2.97795e-006  1.48639e-005  1.44534e-005  7.63166e-006  3.11066e-006  1.55981e-006  1.02377e-006  6.35035e-007  3.48846e-007  2.04484e-007  1.37293e-007  8.95263e-008  4.80477e-008  1.73819e-008  3.85205e-009  8.14958e-010  2.63799e-010  1.76463e-010  2.68517e-010             0             0   -0.00427954
   -0.0082377  -0.000282908 -1.88356e-005 -1.27925e-005  -0.000107654   -0.00470252   -0.00329733   -0.00454721  -0.000493982  -0.000115662  -0.000161972  -0.000933924    -0.0062205   -0.00751799   -0.00452031   -0.00195533  -0.000997571  -0.000648045   -0.00039012   -0.00020585  -0.000115717 -7.49143e-005 -4.76855e-005 -2.53899e-005 -9.23455e-006 -2.06817e-006 -4.41857e-007  -1.4411e-007 -9.69033e-008 -1.47919e-007             0  2.65578e-005  1.01597e-006    7.756e-008  6.46546e-008  7.58878e-007  6.41592e-005   0.000193402   0.000145057 -1.00062e-005  5.18764e-007  4.79061e-007  2.01046e-006  1.03788e-005  1.03816e-005  5.61037e-006  2.33003e-006  1.18593e-006  7.87587e-007  4.93041e-007  2.72782e-007  1.60779e-007  1.08407e-007  7.09198e-008  3.81562e-008  1.38296e-008  3.06924e-009  6.50052e-010  2.10595e-010  1.40963e-010    2.146e-010             0             0   -0.00230257
  0.000266162  8.63937e-006  5.68311e-007  4.20831e-007  4.66171e-006   0.000408613    0.00148907   0.000875873  2.61222e-005  2.17656e-006   3.4493e-007 -7.81822e-006 -9.81951e-005  -0.000158002  -0.000110273  -5.1763e-005 -2.76628e-005 -1.83994e-005 -1.11495e-005 -5.85387e-006  -3.2538e-006 -2.08026e-006  -1.3135e-006 -6.99632e-007 -2.56451e-007 -5.80158e-008 -1.25032e-008 -4.10487e-009  -2.7731e-009 -4.24585e-009             0  7.32915e-007  2.84727e-008  2.21793e-009   1.8973e-009  2.30001e-008  2.02174e-006  6.83815e-006 -1.00062e-005   2.8261e-005 -1.40367e-005  1.93114e-008  8.47209e-008  4.54789e-007  4.70361e-007  2.61373e-007  1.11053e-007   5.7571e-008  3.87957e-008  2.45674e-008  1.37147e-008  8.13998e-009  5.51801e-009  3.62479e-009  1.95638e-009  7.10795e-010  1.58039e-010  3.35189e-011  1.08706e-011  7.28218e-012  1.10932e-011             0             0  -0.000104662
 8.96762e-005  2.98742e-006  1.99483e-007  1.45495e-007  1.50769e-006   0.000115664   0.000375611   0.000246487  9.73322e-006  1.29803e-006  1.12798e-006  3.89642e-006  1.30467e-005  4.25037e-006 -2.03279e-006 -2.10539e-006 -1.44603e-006 -1.05557e-006 -6.42375e-007 -3.18968e-007 -1.61043e-007 -9.19458e-008 -5.32635e-008 -2.79895e-008 -1.08248e-008 -2.62969e-009  -6.0077e-010 -2.05682e-010 -1.42933e-010 -2.22715e-010             0  7.64643e-008  3.00836e-009   2.3833e-010  2.08438e-010  2.59957e-009  2.36713e-007  8.35022e-007  5.18764e-007 -1.40367e-005  2.81161e-005 -1.40537e-005   1.3296e-008  7.45467e-008   8.0094e-008  4.59769e-008  2.00712e-008  1.06382e-008  7.29786e-009   4.6874e-009  2.64611e-009  1.58427e-009  1.08124e-009  7.13983e-010  3.86897e-010     1.41e-010  3.14236e-011  6.67666e-012  2.16827e-012  1.45403e-012  2.21671e-012             0             0 -2.28786e-005
  0.000127167  4.26226e-006  2.85942e-007  2.08271e-007   2.1282e-006   0.000157405   0.000495357   0.000349939  1.56298e-005  2.37619e-006  2.41549e-006  1.03635e-005  5.04574e-005  4.35984e-005  1.91392e-005  6.40709e-006  2.72964e-006  1.64131e-006  1.02497e-006  6.05248e-007  3.89575e-007   2.8429e-007  1.95311e-007  1.06089e-007  3.75537e-008  8.02601e-009   1.6398e-009  5.15985e-010  3.38087e-010  5.07592e-010             0  5.90051e-008  2.34535e-009  1.88394e-010   1.6784e-010  2.14465e-009  2.01422e-007  7.37913e-007  4.79061e-007  1.93114e-008 -1.40537e-005  2.81164e-005 -1.40416e-005  8.82492e-008  9.89015e-008  5.89124e-008  2.65438e-008  1.44452e-008  1.01262e-008  6.61847e-009  3.78847e-009  2.29316e-009  1.57847e-009  1.04925e-009   5.7149e-010  2.09093e-010  4.67395e-011  9.95374e-012   3.2382e-012  2.17442e-012  3.31836e-012             0             0 -2.37507e-005
  0.000715128   2.4005e-005  1.61173e-006  1.17068e-006  1.18318e-005   0.000851116    0.00261495     0.0019712  9.67156e-005  1.60456e-005  1.78407e-005  8.45213e-005   0.000463011   0.000461861   0.000237882  9.30172e-005  4.51249e-005  2.93316e-005   1.8544e-005   1.0603e-005  6.52028e-006  4.57636e-006  3.07929e-006  1.67494e-006  6.04601e-007   1.3273e-007  2.78069e-008  8.92981e-009   5.9401e-009  9.00891e-009             0  2.12476e-007  8.51494e-009   6.9166e-010  6.25601e-010  8.15735e-009  7.86563e-007  2.97795e-006  2.01046e-006  8.47209e-008   1.3296e-008 -1.40416e-005  2.81897e-005 -1.35853e-005  5.52802e-007  3.43143e-007  1.60324e-007  9.00079e-008  6.47644e-008  4.32473e-008  2.51876e-008   1.5458e-008  1.07568e-008  7.21138e-009   3.9538e-009  1.45399e-009  3.26292e-010  6.96971e-011  2.27264e-011  1.52873e-011   2.3361e-011             0             0   -2.702e-005
   0.00470884    0.00015792   1.0584e-005  7.64721e-006  7.62644e-005    0.00531698     0.0158319     0.0126949   0.000677327   0.000120677   0.000143738   0.000731347    0.00432814    0.00468807    0.00261414    0.00109517   0.000561531   0.000379488   0.000245246   0.000141573  8.73423e-005  6.14056e-005  4.14745e-005  2.27368e-005  8.29945e-006  1.84346e-006  3.90104e-007  1.26269e-007  8.44879e-008  1.28663e-007             0  9.65521e-007  3.89444e-008  3.19172e-009  2.92235e-009  3.87413e-008  3.81826e-006  1.48639e-005  1.03788e-005  4.54789e-007  7.45467e-008  8.82492e-008 -1.35853e-005  3.11655e-005 -1.03023e-005  2.43737e-006  1.18637e-006  6.90609e-007  5.12658e-007  3.51419e-007  2.09128e-007  1.30602e-007  9.21551e-008  6.24627e-008  3.45416e-008  1.27874e-008  2.88445e-009   6.1857e-010  2.02312e-010  1.36405e-010  2.08814e-010             0             0   0.000486266
