IGOR
WAVES/D/O/N=(64, 64)	Hess
BEGIN
      19.8806         8.896       222.248       1923.42       2551.71       1617.55       443.508       213.322       271.289       483.177           445       213.683       109.449       90.1108       96.8502       88.1902       50.9206       20.2586        7.3711       3.18241       1.93968        1.8199       2.55989       4.24515       4.53997         1.744      0.435241      0.161762      0.134895       0.24075      0.561514 -3.73334e-006  -0.000106307   -0.00157131   -0.00284722    0.00483879    0.00557215    0.00152757   0.000367984  1.89103e-005  -0.000543701  -0.000785308  -0.000404534  -0.000187712  -0.000130461  -0.000114273 -8.48255e-005 -4.25745e-005 -1.61788e-005 -5.91959e-006 -2.58751e-006 -1.58378e-006 -1.48112e-006 -2.07179e-006 -3.43305e-006 -3.71275e-006 -1.45189e-006 -3.66345e-007 -1.36769e-007 -1.14189e-007 -2.03751e-007 -4.73413e-007      -2.09509             0
        8.896       62.2133       467.484       4178.26       5583.21       3568.79       986.764       478.741       613.421       1099.17       1016.98       489.933       251.516       207.415       223.197       203.426       117.545       46.7945        17.035       7.35766       4.48585       4.20978       5.92252       9.82278       10.5061       4.03621       1.00736      0.374416      0.312241      0.557273       1.29986  7.53935e-005 -5.47335e-005   -0.00182369    0.00275606     0.0180961      0.015057    0.00372599   0.000801919  -0.000208371   -0.00203948    -0.0028087   -0.00151742   -0.00077285  -0.000605459  -0.000610509  -0.000524967  -0.000294453  -0.000117392 -4.33747e-005  -1.8996e-005 -1.16836e-005 -1.10141e-005 -1.55325e-005 -2.58376e-005 -2.78029e-005 -1.07635e-005 -2.69986e-006 -1.00603e-006 -8.39961e-007 -1.49992e-006 -3.50082e-006      -1.51998             0
      222.248       467.484        5183.2       45854.7       61977.7       40048.2       11189.8       5484.03       7089.96       12799.9       11913.7       5765.57       2969.89       2455.42       2647.39        2416.5       1397.98       557.067       202.948       87.7078       53.4979       50.2223        70.673       117.237       125.412       48.1867       12.0276       4.47072        3.7285       6.65471       15.5241    0.00117491   0.000401486   -0.00954255     0.0852924      0.245521      0.185957     0.0446424    0.00927601   -0.00392226    -0.0294881    -0.0407421    -0.0226096    -0.0119374     -0.009711    -0.0101556   -0.00901367   -0.00516433   -0.00207902   -0.00077085  -0.000338225  -0.000208422  -0.000196878  -0.000278154  -0.000463189  -0.000498279  -0.000192691  -4.8305e-005 -1.79979e-005  -1.5029e-005  -2.6843e-005 -6.27114e-005       0.27145             0
      1923.42       4178.26       45854.7        414050        568909        373078        105504       52149.9       67920.6        123443        115597         56251         29115       24167.9       26141.8       23922.6       13866.1        5533.1       2017.87       872.737       532.651        500.27       704.234       1168.55       1250.27        480.45       119.935       44.5843       37.1849       66.3719       154.858    0.00104555    -0.0114611     -0.209236      -0.28006       1.09731       1.22838      0.355441     0.0906999    0.00101996     -0.165575     -0.248466      -0.13471    -0.0661571    -0.0488615    -0.0457372    -0.0363907     -0.019317   -0.00755339   -0.00279244    -0.0012273  -0.000755467  -0.000710887   -0.00100001   -0.00166246   -0.00179603  -0.000699856  -0.000176251 -6.57792e-005 -5.49413e-005 -9.80957e-005  -0.000228589       5.61221             0
      2551.71       5583.21       61977.7        568909        795425        530466        152326       76234.7        100412        184380        174271       85506.1       44573.9       37220.2       40454.5         37162       21603.2       8639.43       3155.91       1366.66       834.911       784.742       1105.32       1834.87       1963.82       754.824       188.461       70.0675       58.4452       104.328       243.483   -0.00591919     -0.026833     -0.378227      -1.35847      0.304827       1.14203      0.421305      0.128845     0.0416199     -0.109602     -0.195751    -0.0961442    -0.0347458    -0.0123765    0.00435171     0.0175936      0.015258    0.00699184    0.00266518    0.00117906   0.000736717    0.00070994    0.00102256    0.00171904    0.00183162   0.000693496   0.000171665  6.37113e-005  5.32235e-005   9.5251e-005   0.000224982      -2.47351             0
      1617.55       3568.79       40048.2        373078        530466        360201        105278       53553.9       71628.5        133437        127797       63446.1       33413.2       28140.6       30801.3       28454.1       16613.9       6666.42       2441.42       1059.33       648.141       609.907       859.836       1428.33       1529.48       588.098       146.876       54.6187       45.5667       81.3503       189.937   -0.00587894    -0.0199363      -0.26418      -1.22758     -0.334381      0.460946      0.233031     0.0827097     0.0438342     -0.017114    -0.0557003    -0.0146495      0.010597     0.0268894     0.0482738     0.0591379     0.0402683     0.0173836     0.0065942    0.00292715    0.00182617    0.00174886    0.00250166    0.00419535    0.00450212    0.00172679    0.00043089   0.000160403   0.000134059   0.000239779   0.000563889       2.98291             0
      443.508       986.764       11189.8        105504        152326        105278       31388.5       16264.7         22197       42139.6       41080.4       20723.5       11067.4       9432.17         10426       9708.75       5704.81       2300.42       845.699       368.035       225.694       212.755       300.345       499.437       535.221       205.917         51.45       19.1393       15.9715       28.5197       66.6301   -0.00161254   -0.00515893     -0.068257     -0.352525     -0.152853     0.0843607     0.0569753     0.0220827     0.0133247  -0.000742932   -0.00953534    0.00149165    0.00819758     0.0142536     0.0234985     0.0279874     0.0189473    0.00821507    0.00313836    0.00140166   0.000878211   0.000843381    0.00120872    0.00203057    0.00218386    0.00083964   0.000209864  7.81981e-005  6.53907e-005   0.000116997   0.000275357      -1.95698             0
      213.322       478.741       5484.03       52149.9       76234.7       53553.9       16264.7       8640.53       12042.7       23434.1         23369       12034.5       6544.13       5664.02       6342.25       5968.94       3537.59       1436.34        530.91       232.023       142.753       134.909       190.819       317.781       340.937       131.284       32.8242       12.2167       10.1986       18.2165       42.5978  -0.000464795   -0.00169424    -0.0240061     -0.117161    -0.0306847     0.0563193     0.0302417     0.0113751    0.00536275   -0.00804658    -0.0175759   -0.00745728  -0.000464128     0.0035631    0.00848769     0.0116669    0.00843335    0.00376199    0.00145592   0.000655715   0.000413893   0.000400214   0.000576894   0.000972774    0.00104698   0.000402061   0.000100447  3.74415e-005  3.13313e-005  5.60995e-005   0.000132421      -2.08481             0
      271.289       613.421       7089.96       67920.6        100412       71628.5         22197       12042.7       17294.7       34551.4       35435.5       18724.7       10420.2       9202.42       10482.5       10007.5       6001.12       2459.88       916.165       402.786       248.967       236.131       334.912       558.929       600.639       231.579       57.9558       21.5859         18.03       32.2182       75.4385   -0.00021026   -0.00117584    -0.0190699     -0.073234      0.033318      0.103906     0.0451547     0.0168426    0.00672534    -0.0208598     -0.044806    -0.0259417    -0.0109421   -0.00470583   0.000878668    0.00620866    0.00592179    0.00286623    0.00113457   0.000516402   0.000329973   0.000323679   0.000472702   0.000802862   0.000861315   0.000327547  8.13655e-005  3.02893e-005  2.53668e-005  4.54886e-005   0.000108157     -0.719388             0
      483.177       1099.17       12799.9        123443        184380        133437       42139.6       23434.1       34551.4       71279.6         75415       41098.9       23526.2         21309       24812.7       24134.1       14699.1       6102.55       2296.32       1017.81       633.138       603.468       859.186        1438.1       1548.94       598.251       149.921       55.8955       46.7235       83.5398       195.966   0.000115415  -0.000763265    -0.0175068    -0.0185629      0.170472      0.237766     0.0927167     0.0359238     0.0161929     -0.046413     -0.113746    -0.0764201    -0.0410399    -0.0296259    -0.0232937    -0.0123322   -0.00340417  -0.000783868  -0.000275145  -0.000130561 -7.91781e-005 -6.62118e-005  -7.8785e-005  -0.000121756  -0.000159504 -8.16604e-005   -2.357e-005 -9.22495e-006 -7.77009e-006 -1.37756e-005  -3.0129e-005       1.99661             0
          445       1016.98       11913.7        115597        174271        127797       41080.4         23369       35435.5         75415       82590.7       46552.2       27541.8       25708.8       30753.2       30619.1         19022       8028.41       3061.78       1371.73       860.547        825.66       1181.58       1985.59       2145.21       830.519       208.504       77.8443       65.1388       116.558       274.106   0.000347862   3.9147e-005   -0.00618849     0.0473737      0.216363        0.2448     0.0919894     0.0379892     0.0218247    -0.0379651     -0.118371    -0.0893217    -0.0539459    -0.0449772    -0.0436363    -0.0332739    -0.0168214   -0.00680359   -0.00274408   -0.00130609  -0.000848799  -0.000825433   -0.00118595   -0.00201378   -0.00224772  -0.000909048  -0.000234592 -8.87336e-005 -7.46552e-005  -0.000133842  -0.000314671       1.40787             0
      213.683       489.933       5765.57         56251       85506.1       63446.1       20723.5       12034.5       18724.7       41098.9       46552.2         27222       16672.2       16114.7       19891.2       20368.5       12965.3       5585.65       2166.61       984.099       624.174       604.067       870.324       1470.24        1594.9       619.408       155.879       58.3036       48.8557       87.5145         206.5   0.000190368   0.000152822  -0.000761145     0.0330714      0.106521      0.113978     0.0430932     0.0190298     0.0134528    -0.0115196     -0.053622    -0.0448354    -0.0290719    -0.0257684    -0.0264337     -0.021282    -0.0114079   -0.00488926   -0.00206681   -0.00101974  -0.000681761  -0.000678329  -0.000992564   -0.00170846   -0.00192297  -0.000781413  -0.000202471 -7.68697e-005 -6.48811e-005  -0.000116625  -0.000276637     -0.606526             0
      109.449       251.516       2969.89         29115       44573.9       33413.2       11067.4       6544.13       10420.2       23526.2       27541.8       16672.2       10623.8       10628.4       13603.6       14386.8       9425.41       4162.72       1648.75       761.867       489.992       479.501        696.93       1185.41       1292.78       504.138       127.271        47.719       40.0604        71.861       170.328  8.09785e-005  7.42652e-005  -0.000145349     0.0149571     0.0463809     0.0501141     0.0195095    0.00913044    0.00743683   -0.00247002    -0.0231245    -0.0211005    -0.0142308    -0.0127663    -0.0127597    -0.0094716   -0.00463234   -0.00201243  -0.000925406  -0.000491792   -0.00034525  -0.000354011   -0.00052859  -0.000927774   -0.00107253  -0.000448275  -0.000118279 -4.53669e-005 -3.85175e-005 -6.94834e-005  -0.000166273      -1.22866             0
      90.1108       207.415       2455.42       24167.9       37220.2       28140.6       9432.17       5664.02       9202.42         21309       25708.8       16114.7       10628.4       11087.1         14700         16129       10919.7       4965.51       2016.71       951.754       622.828       618.105       908.488       1558.94       1711.87       671.136        170.13       63.9906       53.8513       96.7794       230.756  4.62344e-005  3.60807e-005  -0.000220287    0.00845763     0.0287001     0.0324305     0.0131427    0.00643718    0.00571756  -0.000382857    -0.0154597      -0.01503    -0.0102786   -0.00895003   -0.00789861   -0.00396443  -0.000651399  -0.000142446  -0.000175066  -0.000149131  -0.000128111  -0.000143428  -0.000224152  -0.000416307  -0.000533946  -0.000248815 -6.98177e-005 -2.75909e-005 -2.37682e-005 -4.31901e-005   -0.00010469     -0.445826             0
      96.8502       223.197       2647.39       26141.8       40454.5       30801.3         10426       6342.25       10482.5       24812.7       30753.2       19891.2       13603.6         14700       20318.8         23130       16249.7       7637.73       3194.28       1545.92       1033.23       1043.33       1555.09       2698.35       2989.09       1179.88       300.679       113.557       95.8651       172.701       414.971  2.76724e-005  6.22041e-006  -0.000457835    0.00442822      0.020377     0.0251403     0.0107348    0.00542772     0.0049875  -0.000230326    -0.0140204    -0.0139014   -0.00940562   -0.00759911   -0.00482303    0.00151933     0.0044816    0.00259231    0.00100032   0.000416698   0.000249066   0.000240706   0.000355538   0.000588647   0.000539749   0.000149664  2.73635e-005  8.31201e-006  6.26514e-006  1.07578e-005  2.52802e-005       0.28332             0
      88.1902       203.426        2416.5       23922.6         37162       28454.1       9708.75       5968.94       10007.5       24134.1       30619.1       20368.5       14386.8         16129         23130         27434       20006.4       9758.75       4217.53       2101.34       1439.83       1484.43       2250.52       3958.87       4433.25       1764.88       452.756       171.875       145.676       263.238       638.772  8.87566e-006 -1.93723e-005  -0.000599067   0.000412039     0.0104098     0.0151377    0.00693226      0.003566    0.00319311   -0.00108687    -0.0116961    -0.0113196   -0.00751139   -0.00554756   -0.00161493    0.00640429    0.00920445    0.00540494    0.00236905    0.00115211    0.00078393   0.000822301    0.00127801    0.00225798    0.00240811   0.000877987   0.000211714   7.8086e-005  6.55435e-005    0.00011833   0.000291729       0.74109             0
      50.9206       117.545       1397.98       13866.1       21603.2       16613.9       5704.81       3537.59       6001.12       14699.1         19022       12965.3       9425.41       10919.7       16249.7       20006.4       15204.2       7686.37       3448.96       1773.74       1250.18       1320.29       2042.11        3651.3        4142.6       1666.31       430.955       164.639       140.228       254.355       624.819 -3.10154e-007 -1.82224e-005  -0.000379296  -0.000934079    0.00296069    0.00558661    0.00276986    0.00143311    0.00119046   -0.00114199   -0.00637593   -0.00601788   -0.00400398     -0.002879  -0.000258913    0.00530327    0.00738651    0.00456633    0.00214485    0.00111596   0.000803008   0.000878714    0.00141068    0.00256671    0.00283488    0.00107591   0.000267628   0.000100675  8.55258e-005   0.000155567   0.000390901      0.397814             0
      20.2586       46.7945       557.067        5533.1       8639.43       6666.42       2300.42       1436.34       2459.88       6102.55       8028.41       5585.65       4162.72       4965.51       7637.73       9758.75       7686.37       4061.26        1874.5       1004.53       728.732       790.509       1250.78       2278.87       2625.32       1069.01       279.169       107.466       92.0758        167.78        418.35 -7.67522e-007 -7.07892e-006  -0.000133737  -0.000465522   0.000632609    0.00152145   0.000797732   0.000414593   0.000324157  -0.000495686   -0.00226877      -0.00215   -0.00147323   -0.00110925  -0.000136919     0.0021621    0.00320612    0.00209259    0.00103266   0.000561813   0.000420788     0.0004771   0.000789744    0.00147364     0.0016593    0.00063869   0.000160692   6.1031e-005  5.22596e-005   9.5665e-005   0.000245629    -0.0450284             0
       7.3711        17.035       202.948       2017.87       3155.91       2441.42       845.699        530.91       916.165       2296.32       3061.78       2166.61       1648.75       2016.71       3194.28       4217.53       3448.96        1874.5       919.815       492.844       377.977       419.797       681.026       1267.27       1485.64       613.578       162.064       62.9496       54.3162       99.5189        252.67 -2.51125e-007  -2.0513e-006 -3.82043e-005  -0.000140093   0.000160966   0.000416146   0.000222349   0.000116603  9.09968e-005  -0.000152022  -0.000689114  -0.000668893   -0.00047595  -0.000381976 -8.81397e-005   0.000701088    0.00112866   0.000773574   0.000396421   0.000222991    0.00017267   0.000202534   0.000346226   0.000663382   0.000759085   0.000294186  7.45029e-005  2.85311e-005  2.46415e-005  4.54624e-005   0.000120221     -0.172253             0
      3.18241       7.35766       87.7078       872.737       1366.66       1059.33       368.035       232.023       402.786       1017.81       1371.73       984.099       761.867       951.754       1545.92       2101.34       1773.74       1004.53       492.844       297.871       213.876       257.211       425.254       809.842       968.126       406.359       108.752       42.6889       37.1424       68.4991       177.755 -8.13724e-008 -6.71612e-007 -1.25449e-005 -4.59187e-005  5.37408e-005   0.000138739  7.45327e-005  3.94499e-005  3.13332e-005 -5.13314e-005  -0.000240188   -0.00023909   -0.00017591  -0.000149152 -4.88066e-005   0.000256379   0.000446619   0.000319746   0.000169362  9.82193e-005  7.86413e-005  9.57558e-005   0.000170035   0.000336821   0.000394289   0.000154842  3.97457e-005   1.5456e-005  1.35525e-005  2.53425e-005  7.05128e-005     -0.173263             0
      1.93968       4.48585       53.4979       532.651       834.911       648.141       225.694       142.753       248.967       633.138       860.547       624.174       489.992       622.828       1033.23       1439.83       1250.18       728.732       377.977       213.876       189.614       202.779       363.013       704.773       860.796       367.918       99.9513       39.7153       34.8938       64.8506       172.759 -4.38856e-008 -3.25627e-007 -5.99231e-006  -2.3033e-005  2.24281e-005  6.28866e-005  3.43463e-005  1.82469e-005  1.42882e-005 -2.61627e-005  -0.000118953   -0.00011998 -9.05957e-005 -8.04762e-005 -3.36848e-005   0.000127286   0.000240284   0.000179431  9.82946e-005   5.8957e-005  4.90935e-005  6.25743e-005   0.000116687   0.000242352   0.000295853   0.000120697  3.21961e-005  1.29883e-005  1.17615e-005  2.25905e-005  6.92237e-005     -0.224605             0
       1.8199       4.20978       50.2223        500.27       784.742       609.907       212.755       134.909       236.131       603.468        825.66       604.067       479.501       618.105       1043.33       1484.43       1320.29       790.509       419.797       257.211       202.779       269.373       445.694       910.735       1135.69       495.117       136.768       55.0963       48.9496        91.786       252.161 -4.52812e-008 -2.64572e-007 -4.66253e-006 -2.02866e-005  1.00948e-005  4.05577e-005  2.31701e-005  1.22322e-005   8.7548e-006  -2.3244e-005 -9.35029e-005 -9.39391e-005 -7.23171e-005 -6.71609e-005 -3.54278e-005  9.07942e-005   0.000190058   0.000148421  8.42858e-005  5.25343e-005   4.5851e-005  6.18719e-005   0.000123074   0.000273772   0.000359107   0.000158165  4.54466e-005  1.95436e-005  1.86313e-005  3.72525e-005   0.000130452     -0.425104             0
      2.55989       5.92252        70.673       704.234       1105.32       859.836       300.345       190.819       334.912       859.186       1181.58       870.324        696.93       908.488       1555.09       2250.52       2042.11       1250.78       681.026       425.254       363.013       445.694       833.616       1681.43       2163.87       962.377       270.642       110.674       99.5459       188.528       536.578 -7.34911e-008  -3.4081e-007 -5.67815e-006 -2.85943e-005  6.86005e-008  3.52533e-005  2.20812e-005  1.14219e-005  6.41133e-006 -3.31368e-005  -0.000113326  -0.000111989 -8.74985e-005 -8.49504e-005 -5.57243e-005   8.6833e-005   0.000212789   0.000174641   0.000102899  6.68116e-005  6.15091e-005  8.89184e-005   0.000192025   0.000467885   0.000677517   0.000331145   0.000104358  4.82338e-005  4.85314e-005   0.000101013   0.000400813     -0.721583             0
      4.24515       9.82278       117.237       1168.55       1834.87       1428.33       499.437       317.781       558.929        1438.1       1985.59       1470.24       1185.41       1558.94       2698.35       3958.87        3651.3       2278.87       1267.27       809.842       704.773       910.735       1681.43       3573.99       4658.89       2123.96       607.929       252.584       230.231       440.827       1306.47 -1.24111e-007 -5.02281e-007 -8.02619e-006 -4.47236e-005 -1.34776e-005   3.4062e-005  2.43259e-005  1.22091e-005  4.17434e-006 -5.25916e-005  -0.000159873  -0.000155658  -0.000123136  -0.000124228 -9.58357e-005  8.74689e-005   0.000267893   0.000231072   0.000140645  9.48145e-005  9.22141e-005   0.000144052   0.000342415   0.000926589    0.00149566   0.000812211   0.000278681   0.000137069   0.000144269   0.000310401    0.00136631     0.0359882             0
      4.53997       10.5061       125.412       1250.27       1963.82       1529.48       535.221       340.937       600.639       1548.94       2145.21        1594.9       1292.78       1711.87       2989.09       4433.25        4142.6       2625.32       1485.64       968.126       860.796       1135.69       2163.87       4658.89       6265.27       2895.08       849.395        357.93       330.914       641.231       1991.89 -9.76571e-008 -4.00722e-007 -6.43514e-006 -3.55042e-005 -9.63383e-006  2.87724e-005  2.02002e-005  1.02024e-005  3.79705e-006 -4.23705e-005  -0.000131098  -0.000128952  -0.000103218  -0.000106019 -8.56079e-005  6.73153e-005   0.000224969    0.00019822   0.000122569  8.45606e-005  8.59958e-005   0.000144783   0.000379301    0.00113803    0.00203065    0.00120651    0.00044343   0.000229219    0.00025026   0.000553558    0.00267306       2.34134             0
        1.744       4.03621       48.1867        480.45       754.824       588.098       205.917       131.284       231.579       598.251       830.519       619.408       504.138       671.136       1179.88       1764.88       1666.31       1069.01       613.578       406.359       367.918       495.117       962.377       2123.96       2895.08       1386.53       400.762       177.549       164.765       323.482       1062.79   -1.571e-008 -8.73406e-008 -1.52511e-006 -6.85361e-006  2.68976e-006  1.26865e-005  7.40274e-006  3.93525e-006  2.76623e-006 -8.27495e-006 -3.30418e-005  -3.4185e-005 -2.76758e-005 -2.80566e-005 -2.00353e-005  2.81635e-005  7.55043e-005  6.50148e-005  4.01083e-005  2.78751e-005  2.91373e-005  5.20535e-005   0.000148071   0.000484243   0.000936711   0.000596733   0.000231215   0.000124324    0.00013993   0.000317045    0.00167157      0.471032             0
     0.435241       1.00736       12.0276       119.935       188.461       146.876         51.45       32.8242       57.9558       149.921       208.504       155.879       127.271        170.13       300.679       452.756       430.955       279.169       162.064       108.752       99.9513       136.768       270.642       607.929       849.395       400.762       135.642       46.1039       53.5326        102.67       361.383 -5.19976e-010 -1.08645e-008 -2.21191e-007 -6.23527e-007  1.57041e-006  3.23235e-006  1.69425e-006  9.31493e-007   8.4834e-007  -7.5522e-007 -5.19346e-006 -5.73979e-006 -4.68966e-006 -4.62194e-006 -2.56838e-006  7.38993e-006  1.65778e-005  1.39505e-005  8.60171e-006  6.02923e-006  6.45726e-006   1.2124e-005  3.68465e-005   0.000128785   0.000264781   0.000177742  7.17268e-005  3.98215e-005  4.60066e-005    0.00010652   0.000612574     -0.834264             0
     0.161762      0.374416       4.47072       44.5843       70.0675       54.6187       19.1393       12.2167       21.5859       55.8955       77.8443       58.3036        47.719       63.9906       113.557       171.875       164.639       107.466       62.9496       42.6889       39.7153       55.0963       110.674       252.584        357.93       177.549       46.1039       35.9524       15.3439       49.1319       180.724  3.27642e-010 -1.96728e-009  -4.9308e-008 -4.53992e-008  6.48395e-007  1.07267e-006  5.34758e-007  2.99122e-007  3.02995e-007 -5.26764e-008 -1.25331e-006 -1.47161e-006 -1.21034e-006 -1.15918e-006 -4.58664e-007  2.54969e-006  5.21321e-006  4.33767e-006   2.6858e-006  1.90499e-006  2.09158e-006  4.10324e-006  1.31551e-005  4.83938e-005    0.00010422   7.2841e-005  3.03732e-005  1.73294e-005  2.04962e-005  4.84253e-005   0.000304757     -0.908706             0
     0.134895      0.312241        3.7285       37.1849       58.4452       45.5667       15.9715       10.1986         18.03       46.7235       65.1388       48.8557       40.0604       53.8513       95.8651       145.676       140.228       92.0758       54.3162       37.1424       34.8938       48.9496       99.5459       230.231       330.914       164.765       53.5326       15.3439       34.9055       39.3509       203.107  3.88258e-010 -8.26403e-010 -2.62129e-008   2.1087e-008  4.88896e-007  7.40567e-007  3.60335e-007  2.03379e-007  2.16487e-007  2.89754e-008 -7.11142e-007 -8.74373e-007 -7.22414e-007 -6.76637e-007 -1.80915e-007  1.81749e-006  3.54913e-006  2.94193e-006  1.83273e-006  1.31618e-006   1.4796e-006  3.01527e-006  1.00936e-005  3.86394e-005  8.62606e-005  6.22469e-005  2.66701e-005  1.55828e-005  1.88275e-005  4.53419e-005   0.000314579     -0.886891             0
      0.24075      0.557273       6.65471       66.3719       104.328       81.3503       28.5197       18.2165       32.2182       83.5398       116.558       87.5145        71.861       96.7794       172.701       263.238       254.355        167.78       99.5189       68.4991       64.8506        91.786       188.528       440.827       641.231       323.482        102.67       49.1319       39.3509       109.051       471.638  6.56873e-010 -8.15994e-010 -3.18856e-008  6.46775e-008  7.19227e-007  1.04806e-006  5.04141e-007  2.85866e-007   3.1155e-007  8.52674e-008 -9.03389e-007 -1.14355e-006 -9.47689e-007  -8.7569e-007 -1.61659e-007  2.63299e-006  5.03507e-006   4.1748e-006   2.6171e-006  1.90108e-006  2.18274e-006  4.59443e-006  1.59245e-005  6.28943e-005   0.000144431   0.000106929  4.68632e-005  2.79522e-005   3.4429e-005  8.44206e-005   0.000653311      0.449116             0
     0.561514       1.29986       15.5241       154.858       243.483       189.937       66.6301       42.5978       75.4385       195.966       274.106         206.5       170.328       230.756       414.971       638.772       624.819        418.35        252.67       177.755       172.759       252.161       536.578       1306.47       1991.89       1062.79       361.383       180.724       203.107       471.638       8374.93             0             0             0             0             0             0             0             0             0             0             0             0             0             0             0             0             0             0             0             0             0             0             0             0             0             0             0             0             0             0             0      0.531728             0
-3.73334e-006  7.53935e-005    0.00117491    0.00104555   -0.00591919   -0.00587894   -0.00161254  -0.000464795   -0.00021026   0.000115415   0.000347862   0.000190368  8.09785e-005  4.62344e-005  2.76724e-005  8.87566e-006 -3.10154e-007 -7.67522e-007 -2.51125e-007 -8.13724e-008 -4.38856e-008 -4.52812e-008 -7.34911e-008 -1.24111e-007 -9.76571e-008   -1.571e-008 -5.19976e-010  3.27642e-010  3.88258e-010  6.56873e-010             0  1.32662e-005 -2.53965e-006  9.22058e-007  6.82863e-006  7.47668e-006  3.84224e-006  8.44711e-007  3.23814e-007  3.24569e-007  4.50896e-007  3.21465e-007  1.18968e-007  4.68384e-008   2.9571e-008  2.43208e-008   1.6915e-008  7.44722e-009  2.25616e-009   6.2449e-010  2.04971e-010  9.49361e-011  6.76717e-011  7.23056e-011  9.10637e-011  7.39279e-011  2.15455e-011  4.07892e-012   1.1501e-012  7.27667e-013  9.85383e-013             0             0  -0.000541642
 -0.000106307 -5.47335e-005   0.000401486    -0.0114611     -0.026833    -0.0199363   -0.00515893   -0.00169424   -0.00117584  -0.000763265   3.9147e-005   0.000152822  7.42652e-005  3.60807e-005  6.22041e-006 -1.93723e-005 -1.82224e-005 -7.07892e-006  -2.0513e-006 -6.71612e-007 -3.25627e-007 -2.64572e-007  -3.4081e-007 -5.02281e-007 -4.00722e-007 -8.73406e-008 -1.08645e-008 -1.96728e-009 -8.26403e-010 -8.15994e-010             0 -2.53965e-006  5.47926e-006 -8.09482e-007  1.38366e-005  1.55237e-005  8.18634e-006  1.84613e-006  7.25416e-007  7.42356e-007  1.04819e-006   7.5636e-007  2.82351e-007  1.11879e-007  7.09921e-008  5.86358e-008   4.0933e-008  1.80785e-008  5.48984e-009    1.522e-009  5.00134e-010  2.31876e-010   1.6545e-010  1.76971e-010  2.23098e-010  1.81162e-010  5.27584e-011  9.97976e-012  2.81232e-012  1.77878e-012  2.40839e-012             0             0   -0.00084919
  -0.00157131   -0.00182369   -0.00954255     -0.209236     -0.378227      -0.26418     -0.068257    -0.0240061    -0.0190699    -0.0175068   -0.00618849  -0.000761145  -0.000145349  -0.000220287  -0.000457835  -0.000599067  -0.000379296  -0.000133737 -3.82043e-005 -1.25449e-005 -5.99231e-006 -4.66253e-006 -5.67815e-006 -8.02619e-006 -6.43514e-006 -1.52511e-006 -2.21191e-007  -4.9308e-008 -2.62129e-008 -3.18856e-008             0  9.22058e-007 -8.09482e-007  2.31948e-005   0.000136661   0.000161483   8.7988e-005  2.04672e-005  8.27819e-006  8.68653e-006  1.25215e-005  9.18383e-006  3.47137e-006  1.38869e-006  8.87795e-007  7.37672e-007  5.17486e-007   2.2946e-007  6.98911e-008  1.94198e-008  6.39202e-009  2.96746e-009  2.11982e-009  2.26985e-009  2.86405e-009  2.32662e-009  6.77402e-010  1.28093e-010   3.6089e-011  2.28236e-011  3.09014e-011             0             0   -0.00511236
  -0.00284722    0.00275606     0.0852924      -0.28006      -1.35847      -1.22758     -0.352525     -0.117161     -0.073234    -0.0185629     0.0473737     0.0330714     0.0149571    0.00845763    0.00442822   0.000412039  -0.000934079  -0.000465522  -0.000140093 -4.59187e-005  -2.3033e-005 -2.02866e-005 -2.85943e-005 -4.47236e-005 -3.55042e-005 -6.85361e-006 -6.23527e-007 -4.53992e-008   2.1087e-008  6.46775e-008             0  6.82863e-006  1.38366e-005   0.000136661    0.00114419    0.00138086   0.000785478   0.000188989  7.83866e-005  8.41213e-005   0.000123792  9.25174e-005  3.55515e-005  1.44176e-005  9.31657e-006  7.80313e-006  5.50473e-006  2.45053e-006  7.48746e-007  2.08599e-007  6.88069e-008  3.19906e-008  2.28706e-008  2.44932e-008  3.09025e-008  2.51192e-008  7.32636e-009  1.38774e-009   3.9145e-010  2.47754e-010  3.35591e-010             0             0   0.000520088
   0.00483879     0.0180961      0.245521       1.09731      0.304827     -0.334381     -0.152853    -0.0306847      0.033318      0.170472      0.216363      0.106521     0.0463809     0.0287001      0.020377     0.0104098    0.00296069   0.000632609   0.000160966  5.37408e-005  2.24281e-005  1.00948e-005  6.86005e-008 -1.34776e-005 -9.63383e-006  2.68976e-006  1.57041e-006  6.48395e-007  4.88896e-007  7.19227e-007             0  7.47668e-006  1.55237e-005   0.000161483    0.00138086     0.0017695    0.00104708    0.00026349   0.000113198   0.000125428    0.00019005   0.000145804  5.73174e-005  2.36903e-005  1.55434e-005  1.31726e-005  9.37462e-006  4.20059e-006     1.29e-006  3.60864e-007  1.19415e-007  5.56504e-008   3.9846e-008  4.27077e-008  5.39081e-008  4.38578e-008  1.28133e-008  2.43086e-009  6.86462e-010  4.34791e-010  5.89212e-010             0             0   0.000662652
   0.00557215      0.015057      0.185957       1.22838       1.14203      0.460946     0.0843607     0.0563193      0.103906      0.237766        0.2448      0.113978     0.0501141     0.0324305     0.0251403     0.0151377    0.00558661    0.00152145   0.000416146   0.000138739  6.28866e-005  4.05577e-005  3.52533e-005   3.4062e-005  2.87724e-005  1.26865e-005  3.23235e-006  1.07267e-006  7.40567e-007  1.04806e-006             0  3.84224e-006  8.18634e-006   8.7988e-005   0.000785478    0.00104708   0.000661461   0.000170209  7.75723e-005  8.95456e-005   0.000140905   0.000111831  4.52811e-005  1.91876e-005   1.2848e-005   1.1066e-005  7.97484e-006  3.60788e-006  1.11626e-006  3.14096e-007  1.04412e-007  4.88254e-008  3.50448e-008  3.76234e-008  4.75446e-008  3.87275e-008  1.13323e-008  2.15289e-009  6.08581e-010  3.85732e-010  5.22972e-010             0             0    0.00111377
   0.00152757    0.00372599     0.0446424      0.355441      0.421305      0.233031     0.0569753     0.0302417     0.0451547     0.0927167     0.0919894     0.0430932     0.0195095     0.0131427     0.0107348    0.00693226    0.00276986   0.000797732   0.000222349  7.45327e-005  3.43463e-005  2.31701e-005  2.20812e-005  2.43259e-005  2.02002e-005  7.40274e-006  1.69425e-006  5.34758e-007  3.60335e-007  5.04141e-007             0  8.44711e-007  1.84613e-006  2.04672e-005   0.000188989    0.00026349   0.000170209  5.31942e-005  1.99591e-005  2.73853e-005  4.51014e-005  3.73036e-005  1.56606e-005  6.84346e-006  4.70096e-006  4.13392e-006  3.02892e-006  1.38823e-006  4.33879e-007  1.23049e-007  4.11534e-008   1.9334e-008   1.3926e-008    1.499e-008    1.898e-008  1.54849e-008  4.53759e-009  8.63036e-010  2.44174e-010  1.54861e-010  2.10056e-010             0             0    0.00261393
  0.000367984   0.000801919    0.00927601     0.0906999      0.128845     0.0827097     0.0220827     0.0113751     0.0168426     0.0359238     0.0379892     0.0190298    0.00913044    0.00643718    0.00542772      0.003566    0.00143311   0.000414593   0.000116603  3.94499e-005  1.82469e-005  1.22322e-005  1.14219e-005  1.22091e-005  1.02024e-005  3.93525e-006  9.31493e-007  2.99122e-007  2.03379e-007  2.85866e-007             0  3.23814e-007  7.25416e-007  8.27819e-006  7.83866e-005   0.000113198  7.75723e-005  1.99591e-005  1.65331e-005  1.17487e-005  2.49693e-005  2.16605e-005  9.48138e-006  4.29378e-006  3.03935e-006  2.74003e-006   2.0489e-006  9.54587e-007  3.02228e-007  8.65752e-008    2.918e-008  1.37918e-008  9.98132e-009  1.07846e-008  1.36957e-008  1.11965e-008  3.28464e-009  6.25189e-010  1.76986e-010  1.12305e-010  1.52396e-010             0             0   0.000993528
 1.89103e-005  -0.000208371   -0.00392226    0.00101996     0.0416199     0.0438342     0.0133247    0.00536275    0.00672534     0.0161929     0.0218247     0.0134528    0.00743683    0.00571756     0.0049875    0.00319311    0.00119046   0.000324157  9.09968e-005  3.13332e-005  1.42882e-005   8.7548e-006  6.41133e-006  4.17434e-006  3.79705e-006  2.76623e-006   8.4834e-007  3.02995e-007  2.16487e-007   3.1155e-007             0  3.24569e-007  7.42356e-007  8.68653e-006  8.41213e-005   0.000125428  8.95456e-005  2.73853e-005  1.17487e-005  2.47746e-005  3.31495e-005  3.27514e-005  1.50406e-005  7.10217e-006  5.21044e-006  4.84094e-006   3.7115e-006  1.76485e-006  5.67948e-007  1.64788e-007  5.60981e-008  2.67217e-008  1.94579e-008  2.11267e-008  2.69321e-008  2.20764e-008  6.48654e-009  1.23593e-009  3.50173e-010  2.22351e-010  3.01899e-010             0             0   0.000371284
 -0.000543701   -0.00203948    -0.0294881     -0.165575     -0.109602     -0.017114  -0.000742932   -0.00804658    -0.0208598     -0.046413    -0.0379651    -0.0115196   -0.00247002  -0.000382857  -0.000230326   -0.00108687   -0.00114199  -0.000495686  -0.000152022 -5.13314e-005 -2.61627e-005  -2.3244e-005 -3.31368e-005 -5.25916e-005 -4.23705e-005 -8.27495e-006  -7.5522e-007 -5.26764e-008  2.89754e-008  8.52674e-008             0  4.50896e-007  1.04819e-006  1.25215e-005   0.000123792    0.00019005   0.000140905  4.51014e-005  2.49693e-005  3.31495e-005  7.49699e-005  6.48778e-005  3.27021e-005  1.61984e-005  1.23935e-005  1.19376e-005   9.4351e-006  4.60093e-006  1.51123e-006  4.45678e-007  1.53679e-007  7.39428e-008  5.42694e-008  5.92908e-008  7.59504e-008  6.24773e-008  1.84004e-008  3.51186e-009  9.96305e-010   6.3328e-010  8.60545e-010             0             0  -0.000248529
 -0.000785308    -0.0028087    -0.0407421     -0.248466     -0.195751    -0.0557003   -0.00953534    -0.0175759     -0.044806     -0.113746     -0.118371     -0.053622    -0.0231245    -0.0154597    -0.0140204    -0.0116961   -0.00637593   -0.00226877  -0.000689114  -0.000240188  -0.000118953 -9.35029e-005  -0.000113326  -0.000159873  -0.000131098 -3.30418e-005 -5.19346e-006 -1.25331e-006 -7.11142e-007 -9.03389e-007             0  3.21465e-007   7.5636e-007  9.18383e-006  9.25174e-005   0.000145804   0.000111831  3.73036e-005  2.16605e-005  3.27514e-005  6.48778e-005  7.46297e-005  3.28985e-005  1.85595e-005  1.48974e-005  1.49699e-005  1.22713e-005  6.17096e-006  2.07908e-006  6.25889e-007  2.19388e-007  1.06935e-007   7.9285e-008  8.73121e-008  1.12538e-007  9.30075e-008  2.74853e-008  5.25916e-009  1.49492e-009  9.51639e-010  1.29465e-009             0             0  -0.000962015
 -0.000404534   -0.00151742    -0.0226096      -0.13471    -0.0961442    -0.0146495    0.00149165   -0.00745728    -0.0259417    -0.0764201    -0.0893217    -0.0448354    -0.0211005      -0.01503    -0.0139014    -0.0113196   -0.00601788      -0.00215  -0.000668893   -0.00023909   -0.00011998 -9.39391e-005  -0.000111989  -0.000155658  -0.000128952  -3.4185e-005 -5.73979e-006 -1.47161e-006 -8.74373e-007 -1.14355e-006             0  1.18968e-007  2.82351e-007  3.47137e-006  3.55515e-005  5.73174e-005  4.52811e-005  1.56606e-005  9.48138e-006  1.50406e-005  3.27021e-005  3.28985e-005  2.45761e-005  8.01356e-006  9.01773e-006   9.5102e-006  8.13678e-006  4.24571e-006  1.47562e-006  4.55755e-007  1.63101e-007  8.08247e-008  6.07129e-008  6.75452e-008  8.77528e-008  7.29697e-008  2.16655e-008  4.16052e-009  1.18588e-009  7.56496e-010  1.03082e-009             0             0   -0.00120406
 -0.000187712   -0.00077285    -0.0119374    -0.0661571    -0.0347458      0.010597    0.00819758  -0.000464128    -0.0109421    -0.0410399    -0.0539459    -0.0290719    -0.0142308    -0.0102786   -0.00940562   -0.00751139   -0.00400398   -0.00147323   -0.00047595   -0.00017591 -9.05957e-005 -7.23171e-005 -8.74985e-005  -0.000123136  -0.000103218 -2.76758e-005 -4.68966e-006 -1.21034e-006 -7.22414e-007 -9.47689e-007             0  4.68384e-008  1.11879e-007  1.38869e-006  1.44176e-005  2.36903e-005  1.91876e-005  6.84346e-006  4.29378e-006  7.10217e-006  1.61984e-005  1.85595e-005  8.01356e-006  1.15159e-005   2.9372e-006   6.2062e-006  5.57565e-006  3.03805e-006  1.09601e-006  3.49292e-007  1.28268e-007  6.49028e-008  4.95691e-008  5.58725e-008  7.33322e-008  6.14659e-008   1.8364e-008  3.54351e-009  1.01374e-009  6.48499e-010  8.85545e-010             0             0  -0.000909431
