IGOR
WAVES/D/O/N=(64, 64)	Hess
BEGIN
      34234.9       86383.4       71685.6       35725.3       27866.8       31500.6       33426.8       24310.6       12748.8       7435.52        6093.9       6774.26       8266.12       8731.68       7267.18       5043.33       2847.23       1222.57       485.253       251.097       213.646       293.535       454.413        395.53       128.579       26.5525       6.61633       3.05343       3.35401       9.61305       61.9738    -0.0256073     -0.271502     -0.131178     0.0540407      0.124819      0.171906      0.150325     0.0684275     0.0209067    0.00787004    0.00454186    0.00349402    0.00233783  9.95584e-005   -0.00200408   -0.00262677   -0.00196574  -0.000974659  -0.000423363  -0.000234348  -0.000210406   -0.00030203  -0.000485229  -0.000436808  -0.000146212 -3.08653e-005 -7.81352e-006 -3.64723e-006 -4.03961e-006 -1.16487e-005 -7.64811e-005      -4.68202             0
      86383.4        219090        182289       91064.1       71238.7       80882.1       86310.1       63152.9       33302.7       19515.6         16059         17913       21921.1       23212.1         19358       13456.1       7606.25       3269.18       1298.53       672.313        572.29       786.559       1217.97       1060.37       344.764       71.2051       17.7445       8.18969       8.99636       25.7859       166.259     0.0766176     -0.351357     -0.111956      0.212517      0.353781      0.460961      0.391084      0.166345     0.0414273    0.00914437  -0.000165482   -0.00678512    -0.0159562    -0.0254622    -0.0283708    -0.0239025    -0.0151869   -0.00700214   -0.00291713   -0.00156656   -0.00137314    -0.0019328   -0.00305343    -0.0027062  -0.000893526  -0.000186714 -4.69278e-005 -2.17937e-005 -2.40498e-005 -6.91658e-005  -0.000450545         7.233             0
      71685.6        182289        152450       76587.4       60354.4         68982       74050.3       54483.6       28891.1       17021.3       14074.7       15765.8       19361.4       20560.3       17185.7       11967.7       6774.66       2915.06       1158.89       600.426       511.365       703.102       1089.07       948.366       308.399       63.7029       15.8766       7.32812       8.05039       23.0755       148.804    0.00347403     -0.396899     -0.175611      0.135954      0.270182      0.371872      0.328493       0.14774     0.0417482     0.0130161    0.00509076   0.000818755    -0.0049384    -0.0122863    -0.0163556    -0.0150092   -0.00994424   -0.00468471   -0.00197815   -0.00107313  -0.000948332   -0.00134381    -0.0021351   -0.00190222  -0.000630942  -0.000132296 -3.33325e-005 -1.55072e-005 -1.71345e-005 -4.93242e-005  -0.000322201       1.49214             0
      35725.3       91064.1       76587.4       38883.2         30919       35695.6         38592       28571.8       15251.2       9047.22       7529.65       8482.69       10467.2         11158       9354.64       6529.82       3703.47       1596.02       635.273       329.443       280.776        386.26       598.538       521.363       169.579        35.034       8.73256       4.03106        4.4287       12.6951       81.8796    -0.0817149     -0.370181       -0.2171    0.00980839       0.10029       0.16419      0.160209     0.0826277     0.0308129     0.0151998     0.0118094     0.0127352     0.0145377      0.013341     0.0089126    0.00479485    0.00217228   0.000797837   0.000280066   0.000128949  9.75114e-005   0.000118845   0.000162205   0.000122287  3.40375e-005  6.11362e-006  1.35719e-006  5.70654e-007  5.82101e-007  1.57404e-006  8.31129e-006      -4.37545             0
      27866.8       71238.7       60354.4         30919       24958.5       29083.8       31775.6       23728.9       12784.8       7658.18       6433.08       7307.87       9081.59       9736.94       8200.72       5745.32       3268.18       1411.79       562.995       292.384       249.466       343.476       532.577       464.123       151.013       31.2066       7.78011       3.59195       3.94674       11.3145       72.9964     -0.124779     -0.417114      -0.27139     -0.041679     0.0461294      0.105361      0.117387     0.0699501     0.0323646     0.0199067     0.0183452     0.0226467     0.0294854     0.0317337     0.0260257     0.0176747    0.00988556     0.0042567    0.00169813   0.000880857   0.000749176    0.00102677    0.00158267    0.00136867   0.000441693   9.0687e-005  2.25048e-005  1.03561e-005  1.13523e-005  3.24897e-005   0.000208567      -1.50303             0
      31500.6       80882.1         68982       35695.6       29083.8       34410.7       37976.1       28720.5       15668.8       9508.11       8087.19       9291.83       11661.9       12607.7       10690.8       7531.05       4303.03       1865.45       745.992       388.264       331.827       457.459       710.005       619.199       201.582       41.6739        10.393       4.79948       5.27452       15.1232       97.6121     -0.166301     -0.519614     -0.355297    -0.0784318     0.0269002      0.097617      0.121729     0.0795047     0.0411859     0.0280663     0.0278608     0.0363428     0.0495202     0.0555755     0.0474234     0.0333307     0.0191255    0.00838134     0.0033868    0.00177494    0.00152246    0.00210143    0.00325897    0.00283399   0.000919078   0.000189424  4.71407e-005  2.17382e-005  2.38664e-005  6.83832e-005   0.000440544      0.522833             0
      33426.8       86310.1       74050.3         38592       31775.6       37976.1       42574.8       32621.3         18095       11154.9       9636.42       11232.9       14281.2       15612.4       13363.1       9486.33       5454.14       2376.28       954.018       498.061       426.679       589.303       915.924       799.643        260.54       53.8963       13.4476       6.21233       6.82911       19.5846       126.493     -0.154246     -0.488229     -0.342691     -0.080517     0.0220623     0.0937458      0.120992     0.0799037     0.0418973     0.0294382     0.0302908     0.0407821     0.0569411     0.0649682     0.0559973     0.0396244     0.0228809     0.0100902    0.00409894    0.00215658    0.00185487    0.00256487     0.0039819    0.00346395    0.00112334   0.000231508  5.76132e-005  2.65681e-005  2.91701e-005  8.35832e-005   0.000538562       1.53942             0
      24310.6       63152.9       54483.6       28571.8       23728.9       28720.5       32621.3       25491.9       14363.9       9043.25       7958.23       9445.44       12208.3       13542.2         11737        8419.4       4882.08       2141.59       864.452       453.219        389.55       539.404        840.03       734.503       239.597       49.6084       12.3862       5.72497       6.29584       18.0607       116.761    -0.0813216     -0.272173     -0.193406    -0.0421418     0.0205517     0.0681069     0.0857779     0.0544985     0.0268671     0.0183672     0.0190186     0.0259969     0.0366477     0.0416902     0.0354031       0.02461     0.0140523    0.00617404    0.00250502    0.00131571    0.00112868    0.00155558    0.00240538    0.00208199    0.00067158   0.000137815  3.41905e-005  1.57317e-005  1.72445e-005  4.93539e-005   0.000316897       1.59497             0
      12748.8       33302.7       28891.1       15251.2       12784.8       15668.8         18095       14363.9       8317.59       5312.94       4804.38       5824.37       7684.69       8683.61       7648.34       5561.71       3261.45       1443.74       587.006       309.525       267.238       371.332       579.847       508.061       165.996       34.4115       8.59986       3.97773       4.37674       12.5606       81.3087    -0.0309691     -0.109178    -0.0784942    -0.0158132     0.0117174     0.0343745     0.0430398     0.0267753     0.0125175     0.0082963    0.00863046     0.0119886     0.0170582      0.019241     0.0158838     0.0106474    0.00591734    0.00256602    0.00103331   0.000538545   0.000457872   0.000624828   0.000955528   0.000816221   0.000259672  5.26906e-005  1.29628e-005  5.92787e-006  6.46862e-006  1.84516e-005    0.00011728      -0.84329             0
      7435.52       19515.6       17021.3       9047.22       7658.18       9508.11       11154.9       9043.25       5312.94       3536.23       3227.85       4043.72       5462.01       6312.08       5670.94       4194.61       2495.07       1117.46       458.639       243.655       211.608       295.387       462.903       406.711       133.163       27.6499       6.91862       3.20312       3.52697       10.1274       65.6715    -0.0145933    -0.0522086    -0.0382773   -0.00801639    0.00570299     0.0175474     0.0225368      0.014085    0.00649518    0.00434266     0.0046791    0.00676545    0.00993117     0.0113604    0.00932335    0.00613901    0.00336446    0.00145415   0.000585679   0.000304675   0.000257797   0.000349268   0.000528942   0.000445836   0.000139702  2.79847e-005  6.81752e-006  3.09491e-006  3.35892e-006  9.54258e-006  5.99017e-005      -1.13204             0
       6093.9         16059       14074.7       7529.65       6433.08       8087.19       9636.42       7958.23       4804.38       3227.85       3108.18       3931.95       5493.92        6511.4       5989.18       4522.12       2737.49       1244.08       516.733        277.16       242.543       340.594       536.232       472.835       155.242        32.303       8.09608       3.75291       4.13627       11.8856       77.2491    -0.0103811    -0.0366956    -0.0275564   -0.00647574    0.00313951     0.0115676     0.0154921    0.00977383    0.00451094    0.00313711     0.0036102    0.00557082     0.0086362     0.0102922    0.00868089    0.00582489    0.00325354    0.00143736   0.000590744   0.000312172   0.000267113   0.000364576   0.000554345   0.000467475   0.000146207   2.9229e-005  7.11003e-006  3.22435e-006  3.49691e-006  9.92976e-006  6.22482e-005     -0.741182             0
      6774.26         17913       15765.8       8482.69       7307.87       9291.83       11232.9       9445.44       5824.37       4043.72       3931.95       5236.61        7449.5       9120.82       8614.42       6663.64       4119.95       1906.25       803.659       436.323       385.562       545.623       864.241       765.657       252.299       52.6458        13.223        6.1396       6.77528       19.4875       127.044    -0.0102225    -0.0353952    -0.0272079   -0.00722304    0.00179542    0.00962918     0.0135576    0.00854385    0.00390118    0.00286177    0.00360139    0.00604224     0.0100471     0.0126802     0.0112139    0.00785068    0.00457374    0.00210479   0.000896415   0.000487764   0.000427311   0.000594306   0.000917228   0.000782611   0.000247049  4.97558e-005  1.21744e-005  5.54645e-006  6.03684e-006  1.71895e-005   0.000108728     -0.108189             0
      8266.12       21921.1       19361.4       10467.2       9081.59       11661.9       14281.2       12208.3       7684.69       5462.01       5493.92        7449.5       11061.7       13885.4       13539.2       10764.1       6822.82       3226.04       1385.33       763.687       683.275       976.602       1559.13       1389.83       460.181       96.3808       24.2773        11.297       12.4877       35.9641       235.419    -0.0108296    -0.0368563    -0.0288863   -0.00842267   0.000665866    0.00840264     0.0124496    0.00768059    0.00334686    0.00258545    0.00362706    0.00670569     0.0120575      0.016209     0.0151062      0.011099    0.00679754    0.00328779    0.00146306   0.000825444   0.000744587    0.00106004    0.00166652    0.00144261   0.000460577  9.35989e-005  2.30656e-005   1.0567e-005  1.15511e-005  3.30011e-005    0.00021101      0.603963             0
      8731.68       23212.1       20560.3         11158       9736.94       12607.7       15612.4       13542.2       8683.61       6312.08        6511.4       9120.82       13885.4       18110.3       18164.8       14916.5       9726.45       4718.53          2072       1164.05       1057.94        1531.5       2470.08       2219.71       739.619        155.67       39.3611       18.3697       20.3515       58.7124       386.446   -0.00941658    -0.0318394    -0.0252932    -0.0077715 -4.93456e-005    0.00645499    0.00991975    0.00589405    0.00233104    0.00184311     0.0029038    0.00594209     0.0115499     0.0164755     0.0160648     0.0122882     0.0078889    0.00402557    0.00188242    0.00110641    0.00103097    0.00150524    0.00241156     0.0021151   0.000681277   0.000139386   3.4536e-005  1.58912e-005  1.74316e-005  4.99374e-005   0.000322203      0.635541             0
      7267.18         19358       17185.7       9354.64       8200.72       10690.8       13363.1         11737       7648.34       5670.94       5989.18       8614.42       13539.2       18164.8       18921.9         16005       10793.1       5390.84       2430.61       1397.19       1294.65        1904.4       3111.62       2825.37       949.165       201.059       51.0913       23.9361        26.597       76.9047       509.886   -0.00605408    -0.0205847    -0.0164745   -0.00512632 -8.34849e-005    0.00422532     0.0065488    0.00378002    0.00133733    0.00102069     0.0017633    0.00394383     0.0082043     0.0122907     0.0123733    0.00970768    0.00648166    0.00349826    0.00172925    0.00106424    0.00102794    0.00154204    0.00251819    0.00223332   0.000723209   0.000148493  3.69048e-005  1.70264e-005   1.8719e-005  5.37256e-005   0.000348927     -0.342215             0
      5043.33       13456.1       11967.7       6529.82       5745.32       7531.05       9486.33        8419.4       5561.71       4194.61       4522.12       6663.64       10764.1       14916.5         16005       14085.4       9781.25       5063.22       2350.95        1388.2       1316.48       1974.59       3278.43       3015.62       1023.59       218.595       55.9016       26.3192       29.3566       85.1328       569.786   -0.00314045    -0.0107958   -0.00867336   -0.00267892   2.9616e-005    0.00240932    0.00371329    0.00212282   0.000695095   0.000493701   0.000902578    0.00216594    0.00477064    0.00745701    0.00771308    0.00617795    0.00428723    0.00246067    0.00129459   0.000839148   0.000844154    0.00130591    0.00217937    0.00195702   0.000637263   0.000131292  3.27236e-005  1.51356e-005  1.66765e-005  4.79507e-005   0.000313446     -0.179254             0
      2847.23       7606.25       6774.66       3703.47       3268.18       4303.03       5454.14       4882.08       3261.45       2495.07       2737.49       4119.95       6822.82       9726.45       10793.1       9781.25       7098.95       3765.42       1821.06       1105.77       1077.01       1652.77       2797.03       2613.38       898.304        193.77       49.9449       23.6597       26.5161       77.1786       522.734   -0.00135484   -0.00467706   -0.00377384   -0.00117232  1.08163e-005    0.00106224    0.00164405   0.000923819   0.000274203   0.000181331   0.000364576   0.000953444    0.00223631     0.0036713    0.00394999    0.00328911    0.00241376    0.00148821   0.000837965   0.000574908   0.000605593   0.000971857    0.00166842    0.00152899   0.000504928   0.000105133  2.64233e-005  1.23027e-005  1.36261e-005  3.93401e-005   0.000260644       1.10346             0
      1222.57       3269.18       2915.06       1596.02       1411.79       1865.45       2376.28       2141.59       1443.74       1117.46       1244.08       1906.25       3226.04       4718.53       5390.84       5063.22       3765.42       2120.94       1025.53       659.648       657.506        1035.4       1791.19       1704.47       594.688       129.825       33.7826       16.1233       18.1754       53.1409       365.263  -0.000467323   -0.00159954   -0.00129969   -0.00041824 -2.30188e-005   0.000320361   0.000508395   0.000269236  6.02626e-005  3.45108e-005  9.65533e-005   0.000298413   0.000765475    0.00133828    0.00152108     0.0013458    0.00106536   0.000711183     0.0004294   0.000312517   0.000346047   0.000579173     0.0010298   0.000971662   0.000328677  6.97722e-005  1.78067e-005  8.39083e-006  9.38034e-006  2.72776e-005   0.000185002      0.626654             0
      485.253       1298.53       1158.89       635.273       562.995       745.992       954.018       864.452       587.006       458.639       516.733       803.659       1385.33          2072       2430.61       2350.95       1821.06       1025.53       562.144       332.364       365.645       585.394       1037.79       1008.25       357.886       79.2322       20.8508       10.0406        11.398       33.5073       234.493  -0.000153267  -0.000516731  -0.000423261  -0.000142911  -2.0628e-005  8.06041e-005   0.000134224  6.23188e-005  3.57923e-006 -1.44452e-006  1.71968e-005  7.76475e-005   0.000226931   0.000427207   0.000515176   0.000486661   0.000417482   0.000301927   0.000195289   0.000150786   0.000175803    0.00030779   0.000569035   0.000555281   0.000193295  4.20164e-005  1.09299e-005  5.22922e-006   5.9162e-006  1.73653e-005   0.000121485     -0.469803             0
      251.097       672.313       600.426       329.443       292.384       388.264       498.061       453.219       309.525       243.655        277.16       436.323       763.687       1164.05       1397.19        1388.2       1105.77       659.648       332.364       260.085       234.156       422.892       762.104       757.578       274.176       61.6839       16.4467       8.00339       9.16127       27.1083       193.898 -6.58301e-005  -0.000218482  -0.000180316 -6.37256e-005 -1.44692e-005  2.38549e-005  4.30905e-005  1.51375e-005 -5.61401e-006 -6.30934e-006  6.06813e-007  2.27917e-005  8.16186e-005   0.000167279   0.000213499   0.000214142    0.00019834   0.000155049   0.000107247  8.77934e-005   0.000107871   0.000197999   0.000381857   0.000386809   0.000139121  3.11023e-005  8.28463e-006  4.04197e-006  4.64634e-006  1.38131e-005   0.000101043      -1.05241             0
      213.646        572.29       511.365       280.776       249.466       331.827       426.679        389.55       267.238       211.608       242.543       385.562       683.275       1057.94       1294.65       1316.48       1077.01       657.506       365.645       234.156       302.069       459.034       894.642       907.227       335.425       76.8392       20.7961       10.2436       11.8402       35.3058       259.225 -4.63223e-005  -0.000151532  -0.000125888 -4.62855e-005 -1.37317e-005  9.86998e-006  2.08582e-005  3.06237e-006  -8.6152e-006 -8.19576e-006 -4.21067e-006  8.32121e-006  4.44372e-005   0.000101203   0.000136368     0.0001442   0.000143708   0.000121292  8.95963e-005  7.76967e-005   0.000100666    0.00019421   0.000392526   0.000415497   0.000155736  3.61747e-005  9.97298e-006  5.01342e-006  5.91038e-006  1.79401e-005   0.000141606       -1.4376             0
      293.535       786.559       703.102        386.26       343.476       457.459       589.303       539.404       371.332       295.387       340.594       545.623       976.602        1531.5        1904.4       1974.59       1652.77        1035.4       585.394       422.892       459.034       867.709       1604.34       1698.92       641.046       149.774       41.2136       20.5801       24.0524       72.3572       547.745 -5.22898e-005  -0.000168889  -0.000141099 -5.36317e-005 -1.89663e-005  4.32013e-006  1.41341e-005 -4.11784e-006 -1.43849e-005 -1.30405e-005 -9.55456e-006  1.02806e-006  3.49999e-005  9.25989e-005   0.000131825   0.000146117   0.000156672   0.000142959   0.000112685   0.000103398   0.000141302   0.000287433   0.000613204   0.000686252   0.000272355  6.69412e-005  1.94518e-005   1.0243e-005  1.25594e-005  3.93718e-005   0.000348941       -1.4103             0
      454.413       1217.97       1089.07       598.538       532.577       710.005       915.924        840.03       579.847       462.903       536.232       864.241       1559.13       2470.08       3111.62       3278.43       2797.03       1791.19       1037.79       762.104       894.642       1604.34       3231.48       3422.57       1336.15       317.706       88.9887       45.1007       53.3548       162.089       1270.25 -6.55222e-005  -0.000209567  -0.000175845 -6.85278e-005 -2.70943e-005 -1.17027e-006  8.56753e-006  -1.2585e-005 -2.26482e-005 -2.01596e-005 -1.69155e-005 -7.58136e-006  2.70717e-005  9.04515e-005   0.000136286   0.000157308   0.000181564   0.000179281   0.000150472   0.000145709   0.000209865   0.000451627    0.00102636    0.00123292   0.000528129   0.000140015  4.35827e-005  2.43365e-005  3.13077e-005   0.000101974    0.00102868       1.20341             0
       395.53       1060.37       948.366       521.363       464.123       619.199       799.643       734.503       508.061       406.711       472.835       765.657       1389.83       2219.71       2825.37       3015.62       2613.38       1704.47       1008.25       757.578       907.227       1698.92       3422.57       3808.09       1482.57       369.414       104.177       53.6247       64.2645       197.307       1607.06 -4.44806e-005   -0.00014175  -0.000119188 -4.69322e-005 -1.93413e-005 -2.63556e-006  3.22493e-006 -1.07903e-005 -1.69268e-005 -1.50712e-005  -1.3337e-005 -8.47803e-006  1.21552e-005  5.19345e-005  8.13143e-005  9.58971e-005   0.000116938   0.000123062   0.000108737   0.000110224   0.000166604   0.000379793   0.000926544    0.00120929   0.000565951   0.000163137  5.45602e-005  3.22937e-005  4.34957e-005   0.000146811    0.00166349       3.95586             0
      128.579       344.764       308.399       169.579       151.013       201.582        260.54       239.597       165.996       133.163       155.242       252.299       460.181       739.619       949.165       1023.59       898.304       594.688       357.886       274.176       335.425       641.046       1336.15       1482.57       632.845       134.205       48.0795       22.9432       27.8682       86.5291       735.897  -1.0814e-005  -3.4563e-005 -2.90537e-005 -1.13869e-005 -4.59578e-006 -4.07234e-007  1.09766e-006 -2.43806e-006 -4.07674e-006 -3.68175e-006  -3.2852e-006 -2.10614e-006  3.01415e-006  1.29554e-005  2.02489e-005  2.37833e-005  2.94155e-005  3.18795e-005  2.90502e-005  3.04348e-005  4.79263e-005    0.00011555   0.000303506   0.000431816   0.000220607  6.87226e-005   2.4483e-005  1.52297e-005  2.13208e-005  7.41527e-005    0.00092873      0.464484             0
      26.5525       71.2051       63.7029        35.034       31.2066       41.6739       53.8963       49.6084       34.4115       27.6499        32.303       52.6458       96.3808        155.67       201.059       218.595        193.77       129.825       79.2322       61.6839       76.8392       149.774       317.706       369.414       134.205       63.5113      -5.51353       10.2183         7.404       23.2655       207.941 -1.65221e-006 -5.30496e-006   -4.455e-006  -1.7307e-006  -6.7171e-007  1.91143e-009  2.55533e-007 -3.11738e-007 -5.96913e-007 -5.48589e-007 -4.86401e-007 -2.86999e-007  5.55117e-007  2.17589e-006  3.35664e-006  3.90726e-006  4.81683e-006  5.27771e-006  4.89986e-006  5.26243e-006  8.58904e-006  2.18485e-005  6.16501e-005  9.50542e-005  5.24331e-005  1.74205e-005  6.53246e-006  4.23121e-006   6.1165e-006  2.18222e-005    0.00029958     -0.896556             0
      6.61633       17.7445       15.8766       8.73256       7.78011        10.393       13.4476       12.3862       8.59986       6.91862       8.09608        13.223       24.2773       39.3611       51.0913       55.9016       49.9449       33.7826       20.8508       16.4467       20.7961       41.2136       88.9887       104.177       48.0795      -5.51353       28.6436      -14.9921       6.50072       7.30024       69.2089 -3.05559e-007 -9.85067e-007 -8.26479e-007 -3.18523e-007 -1.19137e-007  1.10357e-008  6.19448e-008 -4.73021e-008 -1.05739e-007 -9.87353e-008 -8.67653e-008 -4.61392e-008  1.20715e-007  4.39254e-007  6.70881e-007  7.76311e-007  9.52263e-007  1.04899e-006  9.86902e-007  1.08146e-006  1.82198e-006  4.86923e-006  1.46574e-005  2.42105e-005  1.42157e-005  4.97135e-006  1.94256e-006  1.30119e-006  1.93376e-006   7.0589e-006   0.000106085     -0.747161             0
      3.05343       8.18969       7.32812       4.03106       3.59195       4.79948       6.21233       5.72497       3.97773       3.20312       3.75291        6.1396        11.297       18.3697       23.9361       26.3192       23.6597       16.1233       10.0406       8.00339       10.2436       20.5801       45.1007       53.6247       22.9432       10.2183      -14.9921       26.2479      -15.5526       8.32175       41.8955 -1.05194e-007 -3.40198e-007 -2.85223e-007 -1.09235e-007 -3.96348e-008    6.698e-009  2.53188e-008 -1.34557e-008 -3.51153e-008  -3.3224e-008 -2.89575e-008 -1.38942e-008  4.67355e-008  1.61858e-007  2.45674e-007  2.83383e-007  3.46353e-007  3.82916e-007  3.63962e-007  4.05492e-007  7.02231e-007  1.96001e-006  6.23449e-006  1.08917e-005  6.71865e-006  2.44677e-006  9.88776e-007  6.81557e-007  1.03823e-006  3.87135e-006  6.38941e-005     -0.668645             0
      3.35401       8.99636       8.05039        4.4287       3.94674       5.27452       6.82911       6.29584       4.37674       3.52697       4.13627       6.77528       12.4877       20.3515        26.597       29.3566       26.5161       18.1754        11.398       9.16127       11.8402       24.0524       53.3548       64.2645       27.8682         7.404       6.50072      -15.5526       26.8826      -11.4581       63.8071 -8.65939e-008 -2.80699e-007 -2.35214e-007 -8.96627e-008 -3.17834e-008  7.28724e-009  2.32878e-008 -9.34372e-009 -2.81193e-008 -2.68813e-008 -2.32784e-008 -1.02059e-008  4.17166e-008  1.39995e-007  2.11726e-007  2.43861e-007  2.97431e-007  3.29836e-007  3.16089e-007  3.56982e-007  6.32825e-007  1.83247e-006  6.09857e-006  1.11379e-005  7.14032e-006  2.68547e-006  1.11581e-006  7.88384e-007  1.22801e-006  4.67131e-006  8.52333e-005      -1.01328             0
      9.61305       25.7859       23.0755       12.6951       11.3145       15.1232       19.5846       18.0607       12.5606       10.1274       11.8856       19.4875       35.9641       58.7124       76.9047       85.1328       77.1786       53.1409       33.5073       27.1083       35.3058       72.3572       162.089       197.307       86.5291       23.2655       7.30024       8.32175      -11.4581       38.8696       210.789 -1.86783e-007 -6.06421e-007 -5.07985e-007 -1.93042e-007 -6.73468e-008  1.82756e-008  5.37581e-008 -1.76801e-008 -5.95628e-008 -5.73635e-008 -4.94824e-008 -2.03504e-008  9.45635e-008  3.11819e-007  4.70801e-007  5.42003e-007   6.6077e-007  7.35176e-007  7.09434e-007  8.10273e-007  1.46458e-006  4.37173e-006  1.50867e-005  2.85254e-005  1.88438e-005  7.27148e-006  3.09156e-006  2.23142e-006  3.54585e-006  1.37424e-005   0.000280064       -2.7817             0
      61.9738       166.259       148.804       81.8796       72.9964       97.6121       126.493       116.761       81.3087       65.6715       77.2491       127.044       235.419       386.446       509.886       569.786       522.734       365.263       234.493       193.898       259.225       547.745       1270.25       1607.06       735.897       207.941       69.2089       41.8955       63.8071       210.789       9014.19             0             0             0             0             0             0             0             0             0             0             0             0             0             0             0             0             0             0             0             0             0             0             0             0             0             0             0             0             0             0             0        3.4084             0
   -0.0256073     0.0766176    0.00347403    -0.0817149     -0.124779     -0.166301     -0.154246    -0.0813216    -0.0309691    -0.0145933    -0.0103811    -0.0102225    -0.0108296   -0.00941658   -0.00605408   -0.00314045   -0.00135484  -0.000467323  -0.000153267 -6.58301e-005 -4.63223e-005 -5.22898e-005 -6.55222e-005 -4.44806e-005  -1.0814e-005 -1.65221e-006 -3.05559e-007 -1.05194e-007 -8.65939e-008 -1.86783e-007             0   0.000179912   0.000372601   0.000273362   0.000116843  7.59737e-005  7.04751e-005   6.1029e-005  3.58536e-005  1.49569e-005  6.85431e-006  4.37617e-006  3.76625e-006  3.54191e-006  2.87399e-006  1.83256e-006   9.7211e-007  4.18729e-007  1.37007e-007  4.14008e-008  1.62991e-008  1.05457e-008  1.10136e-008  1.29555e-008  8.56529e-009    2.114e-009  3.31366e-010  6.26669e-011  2.19481e-011  1.82953e-011  3.97914e-011             0             0   -0.00909088
    -0.271502     -0.351357     -0.396899     -0.370181     -0.417114     -0.519614     -0.488229     -0.272173     -0.109178    -0.0522086    -0.0366956    -0.0353952    -0.0368563    -0.0318394    -0.0205847    -0.0107958   -0.00467706   -0.00159954  -0.000516731  -0.000218482  -0.000151532  -0.000168889  -0.000209567   -0.00014175  -3.4563e-005 -5.30496e-006 -9.85067e-007 -3.40198e-007 -2.80699e-007 -6.06421e-007             0   0.000372601    0.00087176   0.000639989   0.000278977   0.000184631   0.000174838   0.000154755  9.28351e-005  3.94271e-005  1.83362e-005  1.18498e-005  1.03012e-005  9.76796e-006   7.9791e-006  5.11442e-006   2.7239e-006  1.17699e-006  3.86106e-007  1.16928e-007  4.61176e-008  2.98846e-008   3.1251e-008     3.68e-008  2.43463e-008  6.01065e-009  9.42282e-010  1.78216e-010  6.24213e-011  5.20352e-011  1.13179e-010             0             0   -0.00302112
    -0.131178     -0.111956     -0.175611       -0.2171      -0.27139     -0.355297     -0.342691     -0.193406    -0.0784942    -0.0382773    -0.0275564    -0.0272079    -0.0288863    -0.0252932    -0.0164745   -0.00867336   -0.00377384   -0.00129969  -0.000423261  -0.000180316  -0.000125888  -0.000141099  -0.000175845  -0.000119188 -2.90537e-005   -4.455e-006 -8.26479e-007 -2.85223e-007 -2.35214e-007 -5.07985e-007             0   0.000273362   0.000639989   0.000493494   0.000215278   0.000148535   0.000144415   0.000130669  7.99221e-005  3.45633e-005  1.63375e-005  1.07052e-005  9.41247e-006  9.00696e-006  7.41083e-006  4.77747e-006    2.556e-006  1.10832e-006  3.64536e-007  1.10609e-007  4.36866e-008  2.83378e-008  2.96546e-008  3.49381e-008  2.31248e-008  5.71167e-009   8.9576e-010  1.69469e-010  5.93712e-011  4.95011e-011  1.07681e-010             0             0   -0.00234828
    0.0540407      0.212517      0.135954    0.00980839     -0.041679    -0.0784318     -0.080517    -0.0421418    -0.0158132   -0.00801639   -0.00647574   -0.00722304   -0.00842267    -0.0077715   -0.00512632   -0.00267892   -0.00117232   -0.00041824  -0.000142911 -6.37256e-005 -4.62855e-005 -5.36317e-005 -6.85278e-005 -4.69322e-005 -1.13869e-005  -1.7307e-006 -3.18523e-007 -1.09235e-007 -8.96627e-008 -1.93042e-007             0   0.000116843   0.000278977   0.000215278   0.000106274  6.88795e-005  7.19233e-005  6.67708e-005  4.17394e-005  1.84411e-005  8.89525e-006  5.93274e-006  5.29322e-006  5.12458e-006  4.25524e-006  2.76323e-006  1.48701e-006  6.47708e-007  2.13731e-007  6.49951e-008  2.57084e-008  1.66913e-008  1.74757e-008  2.05952e-008  1.36369e-008  3.37039e-009  5.28911e-010  1.00115e-010  3.50876e-011  2.92629e-011  6.36697e-011             0             0  -0.000549249
     0.124819      0.353781      0.270182       0.10029     0.0461294     0.0269002     0.0220623     0.0205517     0.0117174    0.00570299    0.00313951    0.00179542   0.000665866 -4.93456e-005 -8.34849e-005   2.9616e-005  1.08163e-005 -2.30188e-005  -2.0628e-005 -1.44692e-005 -1.37317e-005 -1.89663e-005 -2.70943e-005 -1.93413e-005 -4.59578e-006  -6.7171e-007 -1.19137e-007 -3.96348e-008 -3.17834e-008 -6.73468e-008             0  7.59737e-005   0.000184631   0.000148535  6.88795e-005  5.82761e-005  5.27489e-005  5.31829e-005  3.42407e-005  1.55746e-005    7.724e-006  5.28017e-006  4.80988e-006  4.73581e-006  3.98545e-006  2.61575e-006  1.41969e-006   6.2251e-007  2.06434e-007  6.29984e-008  2.49803e-008  1.62457e-008  1.70275e-008  2.00813e-008  1.33062e-008  3.29162e-009  5.16976e-010  9.79204e-011  3.43355e-011  2.86464e-011  6.23453e-011             0             0     0.0014269
     0.171906      0.460961      0.371872       0.16419      0.105361      0.097617     0.0937458     0.0681069     0.0343745     0.0175474     0.0115676    0.00962918    0.00840264    0.00645499    0.00422532    0.00240932    0.00106224   0.000320361  8.06041e-005  2.38549e-005  9.86998e-006  4.32013e-006 -1.17027e-006 -2.63556e-006 -4.07234e-007  1.91143e-009  1.10357e-008    6.698e-009  7.28724e-009  1.82756e-008             0  7.04751e-005   0.000174838   0.000144415  7.19233e-005  5.27489e-005  6.57776e-005  5.77033e-005   4.0362e-005  1.90551e-005  9.79034e-006  6.90922e-006  6.46905e-006  6.51687e-006   5.5872e-006  3.72207e-006  2.04429e-006   9.0483e-007   3.0224e-007  9.27462e-008  3.69288e-008  2.40905e-008  2.53073e-008  2.98965e-008  1.98366e-008  4.91283e-009  7.72337e-010  1.46396e-010  5.13623e-011  4.28703e-011  9.33315e-011             0             0    0.00231829
     0.150325      0.391084      0.328493      0.160209      0.117387      0.121729      0.120992     0.0857779     0.0430398     0.0225368     0.0154921     0.0135576     0.0124496    0.00991975     0.0065488    0.00371329    0.00164405   0.000508395   0.000134224  4.30905e-005  2.08582e-005  1.41341e-005  8.56753e-006  3.22493e-006  1.09766e-006  2.55533e-007  6.19448e-008  2.53188e-008  2.32878e-008  5.37581e-008             0   6.1029e-005   0.000154755   0.000130669  6.67708e-005  5.31829e-005  5.77033e-005  6.82124e-005  4.12589e-005  2.16522e-005   1.1592e-005  8.49401e-006  8.22084e-006   8.5196e-006  7.47839e-006   5.0783e-006  2.83231e-006  1.26902e-006  4.28013e-007  1.32346e-007  5.30109e-008  3.47423e-008  3.66288e-008  4.33912e-008  2.88501e-008  7.15579e-009  1.12618e-009  2.13645e-010  7.50035e-011  6.26329e-011  1.36406e-010             0             0    0.00155565
    0.0684275      0.166345       0.14774     0.0826277     0.0699501     0.0795047     0.0799037     0.0544985     0.0267753      0.014085    0.00977383    0.00854385    0.00768059    0.00589405    0.00378002    0.00212282   0.000923819   0.000269236  6.23188e-005  1.51375e-005  3.06237e-006 -4.11784e-006  -1.2585e-005 -1.07903e-005 -2.43806e-006 -3.11738e-007 -4.73021e-008 -1.34557e-008 -9.34372e-009 -1.76801e-008             0  3.58536e-005  9.28351e-005  7.99221e-005  4.17394e-005  3.42407e-005   4.0362e-005  4.12589e-005  3.74714e-005  1.39603e-005  9.31804e-006  7.12639e-006  7.16832e-006  7.68338e-006  6.94016e-006   4.8257e-006  2.74356e-006  1.24831e-006  4.26243e-007  1.33096e-007   5.3726e-008  3.54266e-008  3.75301e-008  4.46255e-008   2.9753e-008  7.39395e-009  1.16529e-009  2.21294e-010  7.77506e-011  6.49664e-011  1.41555e-010             0             0  -0.000338929
    0.0209067     0.0414273     0.0417482     0.0308129     0.0323646     0.0411859     0.0418973     0.0268671     0.0125175    0.00649518    0.00451094    0.00390118    0.00334686    0.00233104    0.00133733   0.000695095   0.000274203  6.02626e-005  3.57923e-006 -5.61401e-006  -8.6152e-006 -1.43849e-005 -2.26482e-005 -1.69268e-005 -4.07674e-006 -5.96913e-007 -1.05739e-007 -3.51153e-008 -2.81193e-008 -5.95628e-008             0  1.49569e-005  3.94271e-005  3.45633e-005  1.84411e-005  1.55746e-005  1.90551e-005  2.16522e-005  1.39603e-005  1.43578e-005  2.66008e-006  4.26752e-006  4.48411e-006  4.99712e-006  4.66846e-006  3.33961e-006   1.9436e-006  9.01283e-007  3.12477e-007  9.87652e-008  4.02526e-008  2.67432e-008  2.84987e-008  3.40421e-008  2.27751e-008   5.6741e-009  8.95907e-010  1.70378e-010  5.99259e-011  5.01136e-011  1.09261e-010             0             0  -0.000995619
   0.00787004    0.00914437     0.0130161     0.0151998     0.0199067     0.0280663     0.0294382     0.0183672     0.0082963    0.00434266    0.00313711    0.00286177    0.00258545    0.00184311    0.00102069   0.000493701   0.000181331  3.45108e-005 -1.44452e-006 -6.30934e-006 -8.19576e-006 -1.30405e-005 -2.01596e-005 -1.50712e-005 -3.68175e-006 -5.48589e-007 -9.87353e-008  -3.3224e-008 -2.68813e-008 -5.73635e-008             0  6.85431e-006  1.83362e-005  1.63375e-005  8.89525e-006    7.724e-006  9.79034e-006   1.1592e-005  9.31804e-006  2.66008e-006   8.6224e-006  1.19375e-007  3.06449e-006  3.56688e-006   3.4633e-006  2.56119e-006  1.53284e-006  7.27397e-007  2.56964e-007  8.24485e-008  3.40049e-008  2.28045e-008  2.44793e-008  2.94064e-008  1.97589e-008  4.93873e-009   7.8173e-010  1.48945e-010   5.2463e-011  4.39208e-011  9.58388e-011             0             0  -0.000671444
   0.00454186  -0.000165482    0.00509076     0.0118094     0.0183452     0.0278608     0.0302908     0.0190186    0.00863046     0.0046791     0.0036102    0.00360139    0.00362706     0.0029038     0.0017633   0.000902578   0.000364576  9.65533e-005  1.71968e-005  6.06813e-007 -4.21067e-006 -9.55456e-006 -1.69155e-005  -1.3337e-005  -3.2852e-006 -4.86401e-007 -8.67653e-008 -2.89575e-008 -2.32784e-008 -4.94824e-008             0  4.37617e-006  1.18498e-005  1.07052e-005  5.93274e-006  5.28017e-006  6.90922e-006  8.49401e-006  7.12639e-006  4.26752e-006  1.19375e-007  7.79088e-006  1.95963e-007  3.48717e-006  3.53547e-006  2.71679e-006  1.68075e-006  8.20217e-007  2.96537e-007  9.69513e-008  4.05924e-008  2.75479e-008  2.98479e-008  3.61164e-008  2.44035e-008  6.12585e-009  9.72822e-010  1.85821e-010  6.55774e-011  5.49803e-011  1.20105e-010             0             0  -0.000341479
   0.00349402   -0.00678512   0.000818755     0.0127352     0.0226467     0.0363428     0.0407821     0.0259969     0.0119886    0.00676545    0.00557082    0.00604224    0.00670569    0.00594209    0.00394383    0.00216594   0.000953444   0.000298413  7.76475e-005  2.27917e-005  8.32121e-006  1.02806e-006 -7.58136e-006 -8.47803e-006 -2.10614e-006 -2.86999e-007 -4.61392e-008 -1.38942e-008 -1.02059e-008 -2.03504e-008             0  3.76625e-006  1.03012e-005  9.41247e-006  5.29322e-006  4.80988e-006  6.46905e-006  8.22084e-006  7.16832e-006  4.48411e-006  3.06449e-006  1.95963e-007  8.80602e-006  1.80514e-006  4.74881e-006  3.81178e-006  2.45165e-006  1.23747e-006  4.60347e-007  1.54106e-007  6.57726e-008  4.53269e-008  4.97108e-008  6.07248e-008   4.1335e-008  1.04353e-008  1.66448e-009  3.19008e-010   1.1287e-010  9.48173e-011  2.07441e-010             0             0 -5.81938e-006
   0.00233783    -0.0159562    -0.0049384     0.0145377     0.0294854     0.0495202     0.0569411     0.0366477     0.0170582    0.00993117     0.0086362     0.0100471     0.0120575     0.0115499     0.0082043    0.00477064    0.00223631   0.000765475   0.000226931  8.16186e-005  4.44372e-005  3.49999e-005  2.70717e-005  1.21552e-005  3.01415e-006  5.55117e-007  1.20715e-007  4.67355e-008  4.17166e-008  9.45635e-008             0  3.54191e-006  9.76796e-006  9.00696e-006  5.12458e-006  4.73581e-006  6.51687e-006   8.5196e-006  7.68338e-006  4.99712e-006  3.56688e-006  3.48717e-006  1.80514e-006  1.13542e-005  4.08247e-006   5.6821e-006  3.82182e-006  2.00787e-006  7.73374e-007  2.66624e-007  1.16597e-007  8.19538e-008  9.13095e-008  1.12939e-007  7.76296e-008  1.97471e-008  3.16821e-009  6.09948e-010  2.16557e-010  1.82401e-010  3.99863e-010             0             0   0.000400878
