pi= 3.14159265358979323846264338327950288419716939937510582097494458 
e= 2.71828182845904523536028747135266249775724709369995957496696762 
euler= 0.57721566490153286060651209008240243104215933593992359880576723 
