IGOR
WAVES/D/O/N=(20, 20)	HH
BEGIN
 2.45404e+006 -2.94066e+006        492412       2063.93       2228.92       2464.29       2759.96       3039.35        3210.3       3246.22       3146.77       2943.32       2593.46       2148.68       1647.85       1167.04       767.067        482.06       297.713       183.144
-2.94066e+006  4.42136e+006 -1.95334e+006        498882       8984.15        9869.9       11016.4       12106.6       12770.5       12901.5       12498.1       11684.3       10291.6       8524.11       6535.76        4627.9       3041.34       1911.07       1180.13       725.912
       492412 -1.95334e+006  2.96843e+006 -1.93935e+006        511920       22886.4       25178.6       27444.9       28801.7         28997       28021.9       26150.7       23002.6       19032.2       14580.6       10317.5        6776.7       4256.33       2627.38       1615.62
      2063.93        498882 -1.93935e+006  2.97985e+006 -1.92709e+006        524921       37025.7       39870.6       41542.7         41631       40102.7       37338.7       32787.4       27092.3         20734       14659.6       9622.15       6040.15       3726.78       2290.76
      2228.92       8984.15        511920 -1.92709e+006   3.0077e+006 -1.90449e+006        546815       59149.1         60811       60450.2       57921.7       53728.4       47050.7       38797.7       29644.7         20933       13725.8       8608.88       5307.96       3260.76
      2464.29        9869.9       22886.4        524921 -1.90449e+006  3.06182e+006 -1.86321e+006        585414       94710.4       92646.2       87897.9       80996.3       70596.8       58011.5         44208       31151.6       20392.1       12772.7       7866.45       4827.96
      2759.96       11016.4       25178.6       37025.7        546815 -1.86321e+006  3.08956e+006 -1.82949e+006        615550        119864        112458        102913       89280.7       73119.9       55582.9       39092.4       25551.7       15985.1       9835.17       6031.31
      3039.35       12106.6       27444.9       39870.6       59149.1        585414 -1.82949e+006  3.18944e+006 -1.74767e+006        677327        169570        152400        130723        106235         80306       56243.8       36642.8       22864.5       14038.5       8594.17
       3210.3       12770.5       28801.7       41542.7         60811       94710.4        615550 -1.74767e+006  3.22911e+006 -1.72554e+006        693756        179032        151885        122587       92234.3       64380.7         41838       26055.2       15972.7       9765.96
      3246.22       12901.5         28997         41631       60450.2       92646.2        119864        677327 -1.72554e+006  3.33581e+006  -1.6592e+006        734102        200085        158638        118017       81736.2       52814.8       32749.2       20008.6       12200.5
      3146.77       12498.1       28021.9       40102.7       57921.7       87897.9        112458        169570        693756  -1.6592e+006  3.32598e+006 -1.68599e+006        706196        167821        123554       85011.9         54685       33798.4       20598.8       12536.3
      2943.32       11684.3       26150.7       37338.7       53728.4       80996.3        102913        152400        179032        734102 -1.68599e+006  3.36939e+006 -1.67125e+006        698853        148646        100477       63898.1         39178         23737       14381.1
      2593.46       10291.6       23002.6       32787.4       47050.7       70596.8       89280.7        130723        151885        200085        706196 -1.67125e+006  3.28782e+006 -1.72541e+006        645185        101708       63722.7       38706.7       23301.4       14051.4
      2148.68       8524.11       19032.2       27092.3       38797.7       58011.5       73119.9        106235        122587        158638        167821        698853 -1.72541e+006  3.18699e+006 -1.80833e+006        586287       58834.8       35335.1         21118       12670.7
      1647.85       6535.76       14580.6         20734       29644.7         44208       55582.9         80306       92234.3        118017        123554        148646        645185 -1.80833e+006  3.13036e+006 -1.86116e+006        547898       33504.2         19692       11687.3
      1167.04        4627.9       10317.5       14659.6         20933       31151.6       39092.4       56243.8       64380.7       81736.2       85011.9        100477        101708        586287 -1.86116e+006  3.03167e+006  -1.9097e+006        518689         16153       9443.49
      767.067       3041.34        6776.7       9622.15       13725.8       20392.1       25551.7       36642.8         41838       52814.8         54685       63898.1       63722.7       58834.8        547898  -1.9097e+006  2.99118e+006 -1.93797e+006        503098       7198.58
       482.06       1911.07       4256.33       6040.15       8608.88       12772.7       15985.1       22864.5       26055.2       32749.2       33798.4         39178       38706.7       35335.1       33504.2        518689 -1.93797e+006  2.97015e+006  -1.9516e+006        495833
      297.713       1180.13       2627.38       3726.78       5307.96       7866.45       9835.17       14038.5       15972.7       20008.6       20598.8         23737       23301.4         21118         19692         16153        503098  -1.9516e+006  2.46574e+006       -976671
      183.144       725.912       1615.62       2290.76       3260.76       4827.96       6031.31       8594.17       9765.96       12200.5       12536.3       14381.1       14051.4       12670.7       11687.3       9443.49       7198.58        495833       -976671        494511
END
