IGOR
WAVES/D/O/N=(64, 64)	Hess
BEGIN
      81.0085       147.779       1364.78       4354.57       6013.03       4317.02       1711.94       795.589       853.833       1024.09       726.582       367.427       249.543       257.531       274.754       203.818       89.6933       27.8637       8.73146       3.66578       2.49067       2.93829       5.41957       10.3968       9.18395       2.79357      0.709102      0.304658      0.302478      0.659065       2.02168  -0.000143356   -0.00295238    -0.0165639   -0.00498682     0.0364764      0.032877    0.00952398    0.00163349  -0.000295334   -0.00148832   -0.00142793  -0.000821283  -0.000654748  -0.000805585  -0.000994146   -0.00080904  -0.000369157  -0.000113988 -3.53457e-005 -1.48088e-005 -1.01063e-005 -1.20129e-005 -2.23635e-005  -4.3437e-005 -3.91218e-005 -1.21594e-005   -3.135e-006 -1.36055e-006 -1.35959e-006   -2.975e-006 -9.22579e-006      -4.73431             0
      147.779       430.044       3403.73       10703.2       14664.3       10609.1       4277.82       2028.09       2210.44       2678.02       1913.21       972.394       663.447       687.617         736.3       547.706       241.433       75.0639        23.535       9.88574       6.71987       7.93082       14.6334       28.0824        24.817       7.55205       1.91757      0.824043      0.818265       1.78309       5.47115    0.00186108   -0.00207125   -0.00724975     0.0614918      0.154459      0.108686     0.0284349    0.00354786    -0.0041672    -0.0108029    -0.0103188    -0.0061658   -0.00482534    -0.0056479   -0.00666333   -0.00529553   -0.00241816  -0.000761038  -0.000240229  -0.000101678 -6.96877e-005 -8.29022e-005  -0.000154113  -0.000298094  -0.000266122 -8.18496e-005 -2.09456e-005  -9.0479e-006 -9.01553e-006 -1.96918e-005 -6.08032e-005     -0.608691             0
      1364.78       3403.73         28972       92611.1        129274       94605.9       38383.9       18267.7         19998       24342.9       17465.5       8908.92       6095.11          6330       6788.58       5055.96       2231.02       694.261       217.825       91.5436       62.2506       73.4888       135.624       260.307       230.056       70.0112       17.7774       7.63974       7.58637       16.5319       50.7294     0.0087133    -0.0252155     -0.125249      0.315968       1.11099      0.858161      0.239294       0.03477    -0.0272892    -0.0793757    -0.0774595    -0.0467223    -0.0370956    -0.0441525    -0.0528384    -0.0423853    -0.0194314   -0.00611461   -0.00192895  -0.000816537   -0.00056001   -0.00066681   -0.00124086   -0.00240326   -0.00214964  -0.000662548  -0.000169809 -7.34254e-005   -7.321e-005  -0.000159974  -0.000494506        5.6796             0
      4354.57       10703.2       92611.1        306415        440798        328212        134009       63829.2       70059.1       85698.8       61809.8       31677.3         21744       22628.5       24300.6       18119.1       8005.31       2494.52        783.53       329.545       224.213       264.783       488.771        938.21       829.145       252.297       64.0583       27.5275       27.3347       59.5662       182.786    -0.0125374     -0.145708     -0.921967     -0.561709       1.91804       2.07614      0.677296      0.132685   -0.00782225    -0.0971784    -0.0983769    -0.0576251    -0.0480865    -0.0626054    -0.0808694    -0.0677163    -0.0312726   -0.00965308    -0.0029868   -0.00125148  -0.000855741   -0.00102006   -0.00190519   -0.00371597   -0.00336772   -0.00105377  -0.000272989  -0.000118838  -0.000118989  -0.000260705  -0.000811204     0.0520498             0
      6013.03       14664.3        129274        440798        654289        498201        206150         98955        109575        135434       98671.1       51021.1       35260.2       36872.3       39737.1       29714.4       13163.2       4112.06       1294.21       545.134       371.281        438.79       810.394       1556.07       1375.32       418.476        106.25        45.659       45.3404       98.8062       303.239    -0.0538837      -0.25527      -1.77565      -2.58545      0.470166       1.86437      0.777429      0.200907     0.0959842      0.100258      0.103682     0.0754132      0.056813     0.0537639     0.0477355     0.0306319     0.0139821      0.005234    0.00190088   0.000864797   0.000610062   0.000729623    0.00134319    0.00252371    0.00211118   0.000596785   0.000143019  5.91429e-005  5.72963e-005    0.00012289   0.000362635     -0.265477             0
      4317.02       10609.1       94605.9        328212        498201        387629        163284       79587.4       89511.4        112407       83123.2       43551.7       30423.8       32084.2       34806.1       26166.2       11643.3       3651.18       1152.63       486.607       331.982       392.838       726.199       1395.31       1233.72       375.476       95.3493       40.9809       40.7001       88.7033       272.329    -0.0443499     -0.182129      -1.33181      -2.35562     -0.510309      0.867204      0.467304       0.14105      0.104191      0.170076      0.189402      0.136127      0.109796      0.119493       0.12772     0.0958002     0.0446983     0.0152906    0.00518316    0.00228629    0.00159875    0.00191662    0.00356133    0.00681952    0.00593028    0.00176345   0.000440118   0.000187116   0.000184611   0.000400735    0.00121934       1.71346             0
      1711.94       4277.82       38383.9        134009        206150        163284       70161.8       34873.3       40055.3       51325.6       38678.7       20612.8       14611.9         15599       17092.6       12954.2       5802.11          1829       579.772       245.542       167.926       199.079       368.538       708.859       627.252        191.01       48.5268       20.8637       20.7262       45.1804       138.798    -0.0146303    -0.0611295     -0.459876     -0.852386     -0.230879      0.295856      0.172888     0.0522425     0.0373239     0.0666251     0.0815796     0.0625319     0.0524193     0.0583976     0.0633482     0.0481145     0.0227897    0.00792812    0.00272293    0.00121188   0.000852568    0.00102627    0.00191212    0.00366665    0.00318789   0.000946858   0.000236102    0.00010033  9.89654e-005   0.000214809   0.000653694     -0.167947             0
      795.589       2028.09       18267.7       63829.2         98955       79587.4       34873.3       17777.7       20904.5       27470.6       21188.4       11536.2       8336.96       9051.46       10060.7       7714.34        3487.2       1107.14       352.912       150.121       103.021        122.46       227.171       437.657       387.775       118.207       30.0547       12.9294       12.8499       28.0203       86.1691   -0.00444434    -0.0210328     -0.160271     -0.281235    -0.0201865      0.171408     0.0886932     0.0247661      0.011274     0.0155038     0.0225839      0.020068     0.0173124     0.0183518     0.0181059     0.0127493    0.00615816    0.00235377   0.000868224   0.000401375   0.000287448   0.000348385   0.000648889     0.0012332    0.00104621   0.000300429  7.29265e-005  3.04365e-005  2.96761e-005  6.39343e-005   0.000191027       -3.4309             0
      853.833       2210.44         19998       70059.1        109575       89511.4       40055.3       20904.5       25339.4       34230.1       27182.2       15206.3       11268.4       12510.5       14175.4       11044.5       5057.05       1621.78       521.083       223.052       153.826       183.554       341.518       659.481       585.397       178.711       45.4886       19.5854       19.4772        42.492       130.866    -0.0030415     -0.016479     -0.126797     -0.206956     0.0441097      0.206626       0.10187     0.0282118    0.00844117    0.00372765    0.00970615      0.012361     0.0108099    0.00910068    0.00461491   0.000350039   0.000228988   0.000576009   0.000343133   0.000188389   0.000143822   0.000177231   0.000326092   0.000588973   0.000435576  9.94945e-005  1.90351e-005  6.46828e-006  5.35543e-006  1.01924e-005  2.02431e-005      0.212756             0
      1024.09       2678.02       24342.9       85698.8        135434        112407       51325.6       27470.6       34230.1       47805.8       39199.2       22662.3       17312.5       19758.6       22933.8       18236.7       8491.75        2760.5       896.633       387.118       268.777       322.404       602.295       1166.69       1038.13       317.511       80.9333       34.8841       34.7198        75.793       233.885   -0.00269091    -0.0153319     -0.119715     -0.194445     0.0594284      0.228709      0.115855     0.0331155    0.00856308  -0.000520812     0.0069691     0.0133148     0.0122228    0.00876366  2.11589e-005    -0.0060645   -0.00288001 -6.33587e-005   0.000263174    0.00018898   0.000156331   0.000197154   0.000359666   0.000615404   0.000376208  4.93178e-005  1.79066e-007 -3.33944e-006 -5.46259e-006 -1.48976e-005 -6.83751e-005       1.99747             0
      726.582       1913.21       17465.5       61809.8       98671.1       83123.2       38678.7       21188.4       27182.2       39199.2       33345.3       19962.6       15803.8       18624.4       22246.6       18135.2        8623.5       2852.43       939.641        410.27       287.382       347.108        651.92       1268.01        1131.8       346.981       88.6057       38.2443       38.1048       83.2501       257.562    -0.0015952   -0.00885172    -0.0703832     -0.120976     0.0219818      0.130245     0.0700897     0.0204334    0.00443737   -0.00135458    0.00625019      0.012702     0.0129014     0.0115411    0.00508098   -0.00123767  -0.000343923   0.000911194   0.000637277    0.00037205   0.000294628   0.000372273   0.000697158    0.00127358   0.000945009   0.000214604  4.05996e-005  1.36138e-005  1.11248e-005  2.09305e-005  3.95048e-005       1.08305             0
      367.427       972.394       8908.92       31677.3       51021.1       43551.7       20612.8       11536.2       15206.3       22662.3       19962.6       12446.8       10205.8       12483.2       15406.1         12931       6306.57       2131.36       714.682       316.552       224.275        273.32       516.924       1010.84       905.917       278.579        71.306       30.8332       30.7636       67.2832       208.874  -0.000722943   -0.00375265    -0.0304143    -0.0569824   -0.00295437     0.0462393     0.0271804    0.00768548   0.000519506   -0.00179152    0.00386968    0.00862018     0.0097968     0.0108095    0.00880027    0.00454134    0.00278346    0.00183045   0.000909648   0.000490334     0.0003825   0.000487084   0.000930752    0.00176844    0.00143574     0.0003809  8.59929e-005  3.40313e-005  3.20036e-005   6.7324e-005    0.00018937      -1.23318             0
      249.543       663.447       6095.11         21744       35260.2       30423.8       14611.9       8336.96       11268.4       17312.5       15803.8       10205.8       8742.37       11070.8       14186.9       12309.6       6184.42       2144.52       734.852       331.343       238.159       293.587       560.282       1103.33        994.13       306.962       78.8198       34.1655       34.1522       74.8017       233.279  -0.000409093   -0.00206014    -0.0169191    -0.0332659   -0.00569888     0.0226116     0.0142299    0.00381766  -0.000652025   -0.00243374     0.0018741    0.00608165    0.00765867    0.00925208    0.00846078     0.0051505    0.00330587    0.00208827    0.00103923    0.00056927   0.000452362    0.00058611    0.00113761    0.00219526    0.00181793   0.000494225   0.000114092  4.59447e-005  4.37627e-005   9.2904e-005   0.000268267      -1.23064             0
      257.531       687.617          6330       22628.5       36872.3       32084.2         15599       9051.46       12510.5       19758.6       18624.4       12483.2       11070.8       14646.8       19463.4         17537       9112.13       3255.74       1144.81       527.531       386.011       482.773       931.989       1852.02       1680.54       521.759       134.543       58.5101       58.6339       128.669       403.727  -0.000312451     -0.001613    -0.0133202    -0.0260537   -0.00334984     0.0199291      0.012574    0.00346333  -0.000721455   -0.00294621   0.000904614    0.00552603    0.00751362    0.00918809    0.00769211    0.00370371    0.00277264    0.00233084    0.00130638    0.00075999   0.000626408    0.00083135    0.00163856    0.00318167    0.00261199   0.000694184   0.000156511  6.18547e-005  5.81313e-005   0.000122286   0.000344687    -0.0276847             0
      274.754         736.3       6788.58       24300.6       39737.1       34806.1       17092.6       10060.7       14175.4       22933.8       22246.6       15406.1       14186.9       19463.4       26985.3       25251.5       13627.7       5036.03       1824.72       862.811        645.16       821.346       1608.49       3233.04       2960.28        925.61       239.997       104.813       105.377       231.818       733.182  -0.000219531   -0.00123045    -0.0101437    -0.0186799    0.00185387     0.0208332     0.0126369    0.00391523   0.000161449   -0.00212405   0.000867552    0.00522219    0.00722023    0.00840348    0.00501286  -0.000588752   0.000289587    0.00188346    0.00137668   0.000884809   0.000767368    0.00104824    0.00209613    0.00405908    0.00321027   0.000789467   0.000162919  5.94487e-005  5.23917e-005   0.000104993   0.000253674      0.575399             0
      203.818       547.706       5055.96       18119.1       29714.4       26166.2       12954.2       7714.34       11044.5       18236.7       18135.2         12931       12309.6         17537       25251.5         24648         13812       5304.02       1986.78       967.717        742.17       965.012       1922.72       3918.63       3627.86       1144.27       298.717       131.145       132.386       292.142       933.221   -0.00010237  -0.000641567     -0.005262   -0.00885282    0.00406468     0.0147368    0.00869487    0.00299857   0.000835709  -0.000443712    0.00117083    0.00379966    0.00514553    0.00580739    0.00232116   -0.00306646    -0.0016133   0.000950009    0.00101871    0.00072863   0.000665795   0.000936644     0.0018999    0.00365956    0.00275169   0.000598588    0.00010302  3.00676e-005  2.06337e-005  3.17866e-005 -7.21426e-006      0.805992             0
      89.6933       241.433       2231.02       8005.31       13163.2       11643.3       5802.11        3487.2       5057.05       8491.75        8623.5       6306.57       6184.42       9112.13       13627.7         13812       8086.91       3209.74       1253.65       629.742       496.933       661.923       1345.44       2786.85        2613.6       832.815        219.16       96.8205       98.2104       217.535       703.318 -3.39524e-005  -0.000214872    -0.0017674   -0.00297055    0.00143808    0.00512511    0.00305831    0.00107645   0.000319728  -0.000128217   0.000506347    0.00157629    0.00222623    0.00269959    0.00135832    -0.0011644  -0.000612747   0.000620073    0.00062874   0.000460938    0.00043445   0.000629038    0.00130827     0.0025759    0.00197979   0.000441704  7.82689e-005  2.36361e-005  1.68922e-005  2.73139e-005  6.70562e-006      0.442963             0
      27.8637       75.0639       694.261       2494.52       4112.06       3651.18          1829       1107.14       1621.78        2760.5       2852.43       2131.36       2144.52       3255.74       5036.03       5304.02       3209.74       1349.93       529.258       283.254        228.54       312.612       649.754       1370.71       1304.43       420.485       111.671       49.6914       50.6894       112.767       369.827  -1.1132e-005 -5.92467e-005  -0.000496507  -0.000981118 -9.79302e-005   0.000854951   0.000561381   0.000159935 -6.28082e-005  -0.000246374 -4.55094e-005   0.000334136   0.000581288   0.000809678   0.000590203 -3.22811e-005   0.000108206   0.000403837   0.000330212   0.000239756   0.000232088   0.000348306   0.000753235     0.0015552    0.00129582   0.000332244  7.08073e-005  2.64709e-005  2.37525e-005  4.82399e-005   0.000121287     -0.176927             0
      8.73146        23.535       217.825        783.53       1294.21       1152.63       579.772       352.912       521.083       896.633       939.641       714.682       734.852       1144.81       1824.72       1986.78       1253.65       529.258       240.297       112.148       104.796       144.037       306.707       660.229       638.688       208.598       55.9838       25.1205       25.7939       57.6779       192.386 -3.80397e-006 -1.72353e-005  -0.000147257  -0.000337177  -0.000189976  6.15231e-005  6.56507e-005 -2.53519e-006 -7.45295e-005  -0.000156164 -9.91521e-005   3.2918e-005   0.000115282   0.000186376   0.000149985  1.64002e-005  8.89407e-005   0.000178962   0.000143162   0.000107195   0.000108208   0.000169554   0.000382351    0.00082455   0.000727526   0.000201579  4.66274e-005  1.87708e-005   1.7905e-005  3.81403e-005   0.000112547     -0.229592             0
      3.66578       9.88574       91.5436       329.545       545.134       486.607       245.542       150.121       223.052       387.118        410.27       316.552       331.343       527.531       862.811       967.717       629.742       283.254       112.148       82.5741       49.3271       87.9037       186.731       410.861       404.747       134.167       36.4446       16.5124        17.086       38.4378       130.832 -1.62285e-006 -6.60746e-006 -5.72804e-005  -0.000144515  -0.000120853 -3.28278e-005 -4.82936e-006  -1.6493e-005 -4.72381e-005 -8.98221e-005 -7.10573e-005 -1.48468e-005  1.68439e-005  3.61301e-005  1.58217e-005  -2.5467e-005  2.64328e-005  7.82196e-005  6.76652e-005  5.37184e-005  5.71721e-005  9.40459e-005   0.000221695   0.000498246   0.000458793   0.000133136  3.21716e-005  1.34417e-005  1.32088e-005  2.87904e-005  9.16153e-005      -0.28701             0
      2.49067       6.71987       62.2506       224.213       371.281       331.982       167.926       103.021       153.826       268.777       287.382       224.275       238.159       386.011        645.16        742.17       496.933        228.54       104.796       49.3271       67.3409       69.0294       178.981       397.622       399.563       134.663        37.085       16.9915       17.7402       40.1946       140.167 -1.06483e-006 -4.02614e-006 -3.52868e-005 -9.51702e-005 -9.61922e-005 -4.67686e-005 -1.73827e-005 -1.76885e-005 -3.82957e-005 -7.07211e-005 -6.19259e-005 -2.55892e-005 -7.87466e-006 -5.10451e-006 -2.99121e-005 -5.58645e-005 -6.23144e-006  4.35256e-005  4.42088e-005  3.79758e-005  4.29719e-005  7.45947e-005   0.000184573   0.000433373   0.000415542   0.000125375  3.14164e-005  1.35523e-005  1.36795e-005  3.04724e-005   0.000104784     -0.424564             0
      2.93829       7.93082       73.4888       264.783        438.79       392.838       199.079        122.46       183.554       322.404       347.108        273.32       293.587       482.773       821.346       965.012       661.923       312.612       144.037       87.9037       69.0294       135.247       268.301       643.793       658.333       225.943       63.1822       29.3175       30.9259       70.6491       253.518 -1.17978e-006 -4.21895e-006  -3.7299e-005  -0.000105741  -0.000119982 -7.19555e-005 -3.07257e-005 -2.52475e-005 -4.86582e-005 -8.88533e-005 -8.27049e-005 -4.33942e-005 -2.76105e-005 -3.67728e-005 -8.18457e-005  -0.000115923 -4.46322e-005   3.1312e-005  4.36583e-005   4.1619e-005  5.05341e-005  9.31131e-005   0.000243176   0.000599935   0.000602092   0.000189879  4.96952e-005  2.23215e-005  2.33409e-005   5.3549e-005   0.000205218     -0.733991             0
      5.41957       14.6334       135.624       488.771       810.394       726.199       368.538       227.171       341.518       602.295        651.92       516.924       560.282       931.989       1608.49       1922.72       1345.44       649.754       306.707       186.731       178.981       268.301       671.519       1543.41       1632.12       570.216       162.119       76.2817       81.3964       187.686       696.214 -2.00183e-006 -6.85574e-006 -6.10353e-005  -0.000179807  -0.000220538  -0.000147692 -6.68276e-005 -5.01766e-005 -9.08402e-005   -0.00016511  -0.000160065 -9.52211e-005  -7.4984e-005  -0.000111292  -0.000220813  -0.000294633  -0.000150126  1.47536e-005  5.77772e-005  6.40139e-005  8.45279e-005   0.000166544   0.000462284    0.00120803    0.00128118   0.000427569   0.000118586  5.62497e-005  6.16707e-005   0.000147113   0.000647313     -0.987145             0
      10.3968       28.0824       260.307        938.21       1556.07       1395.31       708.859       437.657       659.481       1166.69       1268.01       1010.84       1103.33       1852.02       3233.04       3918.63       2786.85       1370.71       660.229       410.861       397.622       643.793       1543.41       3774.05       4023.21       1441.71       416.375       198.856       214.859       500.554       1928.99  -3.3876e-006 -1.12652e-005   -0.00010079  -0.000304787   -0.00039237  -0.000278938  -0.000129872 -9.34568e-005  -0.000163739  -0.000297439  -0.000296172  -0.000189138  -0.000164378  -0.000256742  -0.000496649   -0.00065719  -0.000382089 -4.51784e-005  6.47139e-005  9.16474e-005   0.000134086   0.000284763   0.000845959    0.00236065    0.00267175   0.000955169   0.000284288   0.000143849   0.000166508   0.000414811    0.00211135        1.2718             0
      9.18395        24.817       230.056       829.145       1375.32       1233.72       627.252       387.775       585.397       1038.13        1131.8       905.917        994.13       1680.54       2960.28       3627.86        2613.6       1304.43       638.688       404.747       399.563       658.333       1632.12       4023.21       4433.31        1598.4       475.862       229.616       251.395       592.227       2383.87 -2.35702e-006 -7.78936e-006 -6.97886e-005  -0.000212348  -0.000276411  -0.000199145 -9.34298e-005 -6.68642e-005  -0.000116784  -0.000213205   -0.00021514  -0.000141167  -0.000127462  -0.000205615  -0.000404626  -0.000548458  -0.000344114 -7.14329e-005  2.81732e-005  5.66773e-005  9.19031e-005    0.00020966   0.000666164    0.00198964    0.00241315   0.000928998   0.000297876   0.000160979   0.000196583   0.000510677    0.00298258       2.84976             0
      2.79357       7.55205       70.0112       252.297       418.476       375.476        191.01       118.207       178.711       317.511       346.981       278.579       306.962       521.759        925.61       1144.27       832.815       420.485       208.598       134.167       134.663       225.943       570.216       1441.71        1598.4       610.686       168.838        90.354       97.5943       232.645       984.584 -4.97744e-007 -1.67394e-006 -1.49635e-005 -4.48928e-005 -5.69866e-005 -3.99015e-005 -1.85334e-005 -1.36258e-005 -2.43823e-005 -4.49843e-005 -4.54621e-005 -2.95703e-005 -2.66054e-005 -4.40013e-005 -9.08683e-005  -0.000129239 -8.50977e-005 -1.98591e-005  5.23757e-006  1.28737e-005  2.20532e-005  5.28029e-005   0.000177302   0.000563687    0.00073165   0.000303085   0.000104274  5.97953e-005  7.65222e-005   0.000206121     0.0013592     -0.432676             0
     0.709102       1.91757       17.7774       64.0583        106.25       95.3493       48.5268       30.0547       45.4886       80.9333       88.6057        71.306       78.8198       134.543       239.997       298.717        219.16       111.671       55.9838       36.4446        37.085       63.1822       162.119       416.375       475.862       168.838       68.8806       17.4854       33.0166       73.8642       331.992 -8.53191e-008 -2.94047e-007 -2.61973e-006 -7.70206e-006 -9.41221e-006 -6.28866e-006 -2.86621e-006 -2.19836e-006 -4.07384e-006 -7.60592e-006 -7.65771e-006 -4.86177e-006 -4.27581e-006 -7.22271e-006 -1.58165e-005 -2.36963e-005 -1.61221e-005   -3.788e-006  1.08113e-006  2.61908e-006  4.56794e-006  1.12908e-005  3.96806e-005   0.000133422   0.000184533   8.1782e-005  2.98958e-005  1.79986e-005  2.39225e-005  6.63705e-005    0.00048691     -0.959403             0
     0.304658      0.824043       7.63974       27.5275        45.659       40.9809       20.8637       12.9294       19.5854       34.8841       38.2443       30.8332       34.1655       58.5101       104.813       131.145       96.8205       49.6914       25.1205       16.5124       16.9915       29.3175       76.2817       198.856       229.616        90.354       17.4854       28.3371       6.06899       41.0055       186.765 -2.51319e-008 -8.86389e-008 -7.87233e-007 -2.27034e-006 -2.66997e-006 -1.69377e-006 -7.54436e-007 -6.07189e-007 -1.16709e-006 -2.20325e-006 -2.20609e-006 -1.36098e-006 -1.16052e-006 -1.99693e-006 -4.63914e-006 -7.28794e-006 -5.07455e-006 -1.15886e-006  4.10494e-007  9.21486e-007   1.6161e-006  4.09317e-006  1.49534e-005  5.27805e-005  7.71454e-005  3.61961e-005  1.38963e-005  8.69729e-006  1.19211e-005  3.39068e-005   0.000275449     -0.879448             0
     0.302478      0.818265       7.58637       27.3347       45.3404       40.7001       20.7262       12.8499       19.4772       34.7198       38.1048       30.7636       34.1522       58.6339       105.377       132.386       98.2104       50.6894       25.7939        17.086       17.7402       30.9259       81.3964       214.859       251.395       97.5943       33.0166       6.06899       32.8113       35.7028       243.081  -1.7533e-008 -6.30054e-008 -5.58175e-007 -1.58474e-006 -1.80327e-006 -1.08968e-006 -4.74126e-007       -4e-007 -7.94593e-007 -1.51406e-006 -1.50794e-006 -9.05463e-007 -7.47889e-007 -1.30768e-006 -3.20467e-006 -5.23636e-006 -3.70787e-006 -8.17745e-007  3.52899e-007  7.44395e-007  1.31091e-006  3.38983e-006   1.2799e-005  4.70538e-005  7.19922e-005  3.53709e-005  1.41191e-005  9.11827e-006  1.28259e-005  3.72911e-005   0.000336877     -0.951353             0
     0.659065       1.78309       16.5319       59.5662       98.8062       88.7033       45.1804       28.0203        42.492        75.793       83.2501       67.2832       74.8017       128.669       231.818       292.142       217.535       112.767       57.6779       38.4378       40.1946       70.6491       187.686       500.554       592.227       232.645       73.8642       41.0055       35.7028       126.633       671.655 -2.75543e-008 -1.00308e-007 -8.87139e-007 -2.49154e-006 -2.76836e-006  -1.6108e-006 -6.87363e-007 -6.02546e-007 -1.22724e-006 -2.35454e-006  -2.3361e-006 -1.37454e-006 -1.10687e-006 -1.96067e-006 -5.00726e-006 -8.41917e-006 -6.03661e-006 -1.30216e-006  6.33385e-007   1.2959e-006  2.29772e-006  6.05467e-006  2.35124e-005   8.9398e-005   0.000141936  7.23399e-005  2.97879e-005  1.97401e-005  2.83936e-005  8.42229e-005   0.000855081      0.248486             0
      2.02168       5.47115       50.7294       182.786       303.239       272.329       138.798       86.1691       130.866       233.885       257.562       208.874       233.279       403.727       733.182       933.221       703.318       369.827       192.386       130.832       140.167       253.518       696.214       1928.99       2383.87       984.584       331.992       186.765       243.081       671.655       14027.2             0             0             0             0             0             0             0             0             0             0             0             0             0             0             0             0             0             0             0             0             0             0             0             0             0             0             0             0             0             0             0      0.828148             0
 -0.000143356    0.00186108     0.0087133    -0.0125374    -0.0538837    -0.0443499    -0.0146303   -0.00444434    -0.0030415   -0.00269091    -0.0015952  -0.000722943  -0.000409093  -0.000312451  -0.000219531   -0.00010237 -3.39524e-005  -1.1132e-005 -3.80397e-006 -1.62285e-006 -1.06483e-006 -1.17978e-006 -2.00183e-006  -3.3876e-006 -2.35702e-006 -4.97744e-007 -8.53191e-008 -2.51319e-008  -1.7533e-008 -2.75543e-008             0  2.35485e-006  3.76784e-007  5.66894e-006  1.55338e-005   1.7384e-005  1.00106e-005  3.21392e-006  1.20663e-006  1.02704e-006  9.64087e-007  5.31385e-007  2.07739e-007  1.08676e-007  8.60752e-008  7.02061e-008  3.97028e-008   1.3319e-008  3.16253e-009  7.58412e-010  2.43706e-010  1.26759e-010  1.14543e-010  1.61943e-010  2.37994e-010  1.60141e-010  3.68223e-011  7.05368e-012  2.28916e-012    1.719e-012  2.83634e-012             0             0  -0.000877923
  -0.00295238   -0.00207125    -0.0252155     -0.145708      -0.25527     -0.182129    -0.0611295    -0.0210328     -0.016479    -0.0153319   -0.00885172   -0.00375265   -0.00206014     -0.001613   -0.00123045  -0.000641567  -0.000214872 -5.92467e-005 -1.72353e-005 -6.60746e-006 -4.02614e-006 -4.21895e-006 -6.85574e-006 -1.12652e-005 -7.78936e-006 -1.67394e-006 -2.94047e-007 -8.86389e-008 -6.30054e-008 -1.00308e-007             0  3.76784e-007  2.59926e-006  1.28718e-005  3.47712e-005  3.84871e-005  2.28314e-005  7.71917e-006  3.06264e-006  2.71702e-006  2.62402e-006  1.47748e-006  5.87748e-007  3.12069e-007  2.50027e-007  2.05496e-007  1.16767e-007  3.93551e-008   9.4175e-009  2.28077e-009  7.40588e-010  3.89374e-010  3.55869e-010  5.09185e-010  7.56428e-010  5.10834e-010  1.16854e-010  2.22367e-011  7.17828e-012  5.37028e-012  8.84053e-012             0             0   -0.00163063
   -0.0165639   -0.00724975     -0.125249     -0.921967      -1.77565      -1.33181     -0.459876     -0.160271     -0.126797     -0.119715    -0.0703832    -0.0304143    -0.0169191    -0.0133202    -0.0101437     -0.005262    -0.0017674  -0.000496507  -0.000147257 -5.72804e-005 -3.52868e-005  -3.7299e-005 -6.10353e-005   -0.00010079 -6.97886e-005 -1.49635e-005 -2.61973e-006 -7.87233e-007 -5.58175e-007 -8.87139e-007             0  5.66894e-006  1.28718e-005   0.000101917   0.000279897   0.000326519   0.000199931   6.8737e-005  2.75959e-005  2.48203e-005  2.43049e-005  1.38491e-005  5.56154e-006   2.9747e-006  2.39773e-006  1.98109e-006  1.13071e-006  3.82237e-007  9.15441e-008  2.21574e-008  7.18522e-009  3.77082e-009  3.43835e-009  4.90622e-009  7.26995e-009  4.90707e-009  1.12478e-009  2.14544e-010  6.93877e-011  5.19802e-011  8.56423e-011             0             0  -0.000702995
  -0.00498682     0.0614918      0.315968     -0.561709      -2.58545      -2.35562     -0.852386     -0.281235     -0.206956     -0.194445     -0.120976    -0.0569824    -0.0332659    -0.0260537    -0.0186799   -0.00885282   -0.00297055  -0.000981118  -0.000337177  -0.000144515 -9.51702e-005  -0.000105741  -0.000179807  -0.000304787  -0.000212348 -4.48928e-005 -7.70206e-006 -2.27034e-006 -1.58474e-006 -2.49154e-006             0  1.55338e-005  3.47712e-005   0.000279897   0.000849201    0.00106918   0.000684746   0.000239304  9.65406e-005  8.77277e-005  8.71483e-005  5.03338e-005  2.04314e-005  1.10126e-005  8.93225e-006  7.42504e-006  4.26222e-006  1.44595e-006  3.45971e-007   8.3393e-008  2.68883e-008  1.40145e-008  1.26765e-008  1.79245e-008   2.6336e-008  1.77348e-008  4.08678e-009  7.84576e-010  2.55055e-010  1.91762e-010  3.16665e-010             0             0  3.97402e-005
    0.0364764      0.154459       1.11099       1.91804      0.470166     -0.510309     -0.230879    -0.0201865     0.0441097     0.0594284     0.0219818   -0.00295437   -0.00569888   -0.00334984    0.00185387    0.00406468    0.00143808 -9.79302e-005  -0.000189976  -0.000120853 -9.61922e-005  -0.000119982  -0.000220538   -0.00039237  -0.000276411 -5.69866e-005 -9.41221e-006 -2.66997e-006 -1.80327e-006 -2.76836e-006             0   1.7384e-005  3.84871e-005   0.000326519    0.00106918    0.00146233   0.000992093   0.000359755   0.000148702    0.00013878   0.000141853  8.40802e-005  3.48682e-005  1.91044e-005  1.56975e-005  1.31952e-005  7.64829e-006   2.6126e-006  6.26444e-007  1.50765e-007  4.84302e-008  2.51071e-008  2.25514e-008  3.16182e-008   4.6075e-008  3.09598e-008  7.17482e-009   1.3867e-009  4.53197e-010  3.42007e-010  5.66094e-010             0             0   0.000462629
     0.032877      0.108686      0.858161       2.07614       1.86437      0.867204      0.295856      0.171408      0.206626      0.228709      0.130245     0.0462393     0.0226116     0.0199291     0.0208332     0.0147368    0.00512511   0.000854951  6.15231e-005 -3.28278e-005 -4.67686e-005 -7.19555e-005  -0.000147692  -0.000278938  -0.000199145 -3.99015e-005 -6.28866e-006 -1.69377e-006 -1.08968e-006  -1.6108e-006             0  1.00106e-005  2.28314e-005   0.000199931   0.000684746   0.000992093   0.000714533   0.000271255   0.000117115   0.000113983   0.000121347  7.46092e-005  3.19229e-005  1.79384e-005  1.50405e-005  1.28524e-005   7.5504e-006  2.60617e-006  6.29228e-007  1.52038e-007  4.89308e-008  2.53728e-008  2.27628e-008   3.1837e-008  4.62655e-008  3.10793e-008  7.22558e-009  1.40149e-009  4.59313e-010  3.47308e-010  5.75605e-010             0             0   0.000507241
   0.00952398     0.0284349      0.239294      0.677296      0.777429      0.467304      0.172888     0.0886932       0.10187      0.115855     0.0700897     0.0271804     0.0142299      0.012574     0.0126369    0.00869487    0.00305831   0.000561381  6.56507e-005 -4.82936e-006 -1.73827e-005 -3.07257e-005 -6.68276e-005  -0.000129872 -9.34298e-005 -1.85334e-005 -2.86621e-006 -7.54436e-007 -4.74126e-007 -6.87363e-007             0  3.21392e-006  7.71917e-006   6.8737e-005   0.000239304   0.000359755   0.000271255   0.000109654  4.90322e-005  5.06152e-005  5.65258e-005  3.62872e-005  1.61227e-005  9.35241e-006  8.04828e-006  7.02278e-006   4.1951e-006   1.4675e-006   3.5816e-007  8.72909e-008  2.82845e-008  1.47453e-008  1.32849e-008  1.86446e-008  2.71675e-008  1.82817e-008  4.25374e-009  8.25461e-010  2.70627e-010  2.04697e-010  3.39341e-010             0             0   0.000436425
   0.00163349    0.00354786       0.03477      0.132685      0.200907       0.14105     0.0522425     0.0247661     0.0282118     0.0331155     0.0204334    0.00768548    0.00381766    0.00346333    0.00391523    0.00299857    0.00107645   0.000159935 -2.53519e-006  -1.6493e-005 -1.76885e-005 -2.52475e-005 -5.01766e-005 -9.34568e-005 -6.68642e-005 -1.36258e-005 -2.19836e-006 -6.07189e-007       -4e-007 -6.02546e-007             0  1.20663e-006  3.06264e-006  2.75959e-005  9.65406e-005   0.000148702   0.000117115  4.90322e-005  2.45389e-005  2.53628e-005  3.03438e-005  2.04525e-005  9.49031e-006  5.71744e-006  5.07966e-006  4.54909e-006  2.77422e-006  9.86735e-007  2.44248e-007  6.02534e-008  1.97255e-008  1.03747e-008  9.42069e-009  1.33164e-008  1.95235e-008  1.31805e-008  3.06622e-009  5.94416e-010  1.94718e-010  1.47205e-010   2.4398e-010             0             0  -4.3531e-005
 -0.000295334    -0.0041672    -0.0272892   -0.00782225     0.0959842      0.104191     0.0373239      0.011274    0.00844117    0.00856308    0.00443737   0.000519506  -0.000652025  -0.000721455   0.000161449   0.000835709   0.000319728 -6.28082e-005 -7.45295e-005 -4.72381e-005 -3.82957e-005 -4.86582e-005 -9.08402e-005  -0.000163739  -0.000116784 -2.43823e-005 -4.07384e-006 -1.16709e-006 -7.94593e-007 -1.22724e-006             0  1.02704e-006  2.71702e-006  2.48203e-005  8.77277e-005    0.00013878   0.000113983  5.06152e-005  2.53628e-005  3.04298e-005  3.66245e-005  2.63523e-005   1.2853e-005  8.09441e-006  7.47157e-006  6.90801e-006  4.32356e-006  1.57034e-006  3.95453e-007  9.89513e-008  3.27754e-008  1.74056e-008  1.59341e-008  2.26812e-008  3.34466e-008  2.26599e-008  5.27691e-009  1.02322e-009   3.3523e-010  2.53474e-010  4.20213e-010             0             0  -0.000246367
  -0.00148832    -0.0108029    -0.0793757    -0.0971784      0.100258      0.170076     0.0666251     0.0155038    0.00372765  -0.000520812   -0.00135458   -0.00179152   -0.00243374   -0.00294621   -0.00212405  -0.000443712  -0.000128217  -0.000246374  -0.000156164 -8.98221e-005 -7.07211e-005 -8.88533e-005   -0.00016511  -0.000297439  -0.000213205 -4.49843e-005 -7.60592e-006 -2.20325e-006 -1.51406e-006 -2.35454e-006             0  9.64087e-007  2.62402e-006  2.43049e-005  8.71483e-005   0.000141853   0.000121347  5.65258e-005  3.03438e-005  3.66245e-005  4.98433e-005  3.66207e-005  1.90679e-005  1.26209e-005  1.21714e-005  1.16835e-005  7.54547e-006  2.81197e-006  7.23046e-007  1.83976e-007  6.17534e-008  3.31402e-008  3.05898e-008  4.38262e-008  6.49557e-008  4.41707e-008  1.03125e-008  2.00334e-009  6.57261e-010  4.97504e-010  8.25465e-010             0             0  -0.000176425
  -0.00142793    -0.0103188    -0.0774595    -0.0983769      0.103682      0.189402     0.0815796     0.0225839    0.00970615     0.0069691    0.00625019    0.00386968     0.0018741   0.000904614   0.000867552    0.00117083   0.000506347 -4.55094e-005 -9.91521e-005 -7.10573e-005 -6.19259e-005 -8.27049e-005  -0.000160065  -0.000296172   -0.00021514 -4.54621e-005 -7.65771e-006 -2.20609e-006 -1.50794e-006  -2.3361e-006             0  5.31385e-007  1.47748e-006  1.38491e-005  5.03338e-005  8.40802e-005  7.46092e-005  3.62872e-005  2.04525e-005  2.63523e-005  3.66207e-005  3.04069e-005  1.57702e-005  1.12913e-005  1.14348e-005  1.14601e-005  7.68099e-006  2.95314e-006  7.79052e-007  2.02362e-007  6.90455e-008  3.75304e-008  3.49856e-008  5.05026e-008  7.52796e-008  5.14216e-008  1.20497e-008  2.34768e-009  7.71967e-010  5.85328e-010  9.72432e-010             0             0  -0.000125682
 -0.000821283    -0.0061658    -0.0467223    -0.0576251     0.0754132      0.136127     0.0625319      0.020068      0.012361     0.0133148      0.012702    0.00862018    0.00608165    0.00552603    0.00522219    0.00379966    0.00157629   0.000334136   3.2918e-005 -1.48468e-005 -2.55892e-005 -4.33942e-005 -9.52211e-005  -0.000189138  -0.000141167 -2.95703e-005 -4.86177e-006 -1.36098e-006 -9.05463e-007 -1.37454e-006             0  2.07739e-007  5.87748e-007  5.56154e-006  2.04314e-005  3.48682e-005  3.19229e-005  1.61227e-005  9.49031e-006   1.2853e-005  1.90679e-005  1.57702e-005  1.01346e-005  6.52024e-006  7.38491e-006  7.77069e-006  5.43849e-006  2.17071e-006  5.90995e-007  1.57541e-007  5.48825e-008  3.03257e-008  2.86323e-008  4.17367e-008  6.26763e-008  4.30639e-008  1.01403e-008  1.98334e-009  6.54118e-010  4.97103e-010  8.27278e-010             0             0  8.97266e-005
 -0.000654748   -0.00482534    -0.0370956    -0.0480865      0.056813      0.109796     0.0524193     0.0173124     0.0108099     0.0122228     0.0129014     0.0097968    0.00765867    0.00751362    0.00722023    0.00514553    0.00222623   0.000581288   0.000115282  1.68439e-005 -7.87466e-006 -2.76105e-005  -7.4984e-005  -0.000164378  -0.000127462 -2.66054e-005 -4.27581e-006 -1.16052e-006 -7.47889e-007 -1.10687e-006             0  1.08676e-007  3.12069e-007   2.9747e-006  1.10126e-005  1.91044e-005  1.79384e-005  9.35241e-006  5.71744e-006  8.09441e-006  1.26209e-005  1.12913e-005  6.52024e-006  6.20146e-006   5.7305e-006  6.79939e-006  4.99993e-006   2.0855e-006  5.89854e-007  1.62366e-007  5.80761e-008  3.27805e-008  3.14774e-008  4.64957e-008  7.05438e-008  4.88558e-008  1.15755e-008  2.27493e-009  7.53069e-010  5.73928e-010  9.57198e-010             0             0   0.000197444
