IGOR
WAVES/D/O/N=(64, 64)	Hess
BEGIN
      16.5939      -10.5542       13.8664       68.2346       677.833       1122.72       516.975       128.993        59.882       58.4153        75.451       75.7882        60.026       54.4663       61.5746       58.8107       30.0424       10.0614       3.90501       2.56239       3.05727       5.08653       6.30148       3.04955      0.757452      0.185233     0.0693619     0.0493615     0.0693758      0.167663      0.494759  3.27453e-006   -1.084e-005 -5.03025e-005  -0.000377547   -0.00347665   -0.00125838    0.00105551   0.000390548   0.000191064   0.000178462   0.000211363   0.000192191   0.000139569   0.000118216   0.000126449   0.000115454  5.70398e-005  1.86753e-005  7.13137e-006  4.62194e-006  5.46161e-006  9.01742e-006  1.11015e-005  5.34462e-006  1.32212e-006  3.22334e-007  1.20425e-007  8.55542e-008   1.2009e-007  2.89949e-007  8.53165e-007      0.813988             0
     -10.5542       28.3974       3.65656       86.5837       843.327       1405.66       651.166       163.493       76.3223       74.8039       96.9932       97.7299       77.5938       70.5407       79.8641       76.3657       39.0439       13.0847       5.08096        3.3353       3.98061       6.62422       8.20785       3.97263      0.986826      0.241344     0.0903782     0.0643205      0.090403      0.218486      0.644782  1.65406e-005   1.7584e-006 -2.90073e-005  -0.000307176   -0.00320446  -0.000568045    0.00152118   0.000497527   0.000227977   0.000199679   0.000219505   0.000182892   0.000120948  9.33467e-005   9.1293e-005  7.66148e-005  3.51675e-005  1.08497e-005  3.94851e-006  2.46058e-006  2.81619e-006   4.5307e-006  5.46092e-006   2.5838e-006  6.30462e-007  1.52095e-007   5.6368e-008  3.98016e-008  5.56094e-008  1.33795e-007  3.89412e-007     -0.349281             0
      13.8664       3.65656       49.7051       202.859       2165.14       3635.86        1698.3       429.956        202.21       199.449       259.981       263.082       209.592       191.053       216.757       207.599       106.273       35.6491       13.8531       9.09867       10.8637       18.0844       22.4133       10.8502       2.69564      0.659332      0.246926      0.175744      0.247022      0.597022        1.7621  6.08409e-005  3.15714e-005 -7.12683e-006  -0.000431093   -0.00559588   0.000905692     0.0044196    0.00131659   0.000567344   0.000461178   0.000455167    0.00032225   0.000167755  9.06102e-005  4.80338e-005  5.07587e-006 -1.30365e-005  -8.1424e-006 -4.24911e-006 -3.33247e-006 -4.47562e-006 -8.08986e-006 -1.06476e-005 -5.39204e-006 -1.38501e-006 -3.47148e-007 -1.32375e-007 -9.54833e-008 -1.35552e-007 -3.30057e-007 -9.96413e-007        -1.496             0
      68.2346       86.5837       202.859       1348.41       13707.8       23319.4         11009       2817.01       1337.77        1330.7       1747.03       1778.38       1423.61       1302.64       1482.35       1423.06       729.812       245.157       95.3695         62.69       74.8982        124.74       154.656       74.8893       18.6096       4.55251       1.70517       1.21373        1.7061       4.12368        12.173    0.00043044   0.000298869   0.000250669  -0.000957608     -0.021286     0.0186921      0.031059    0.00868511    0.00355886    0.00267268    0.00226378    0.00112181   0.000120996  -0.000446497   -0.00100606   -0.00134188   -0.00083416  -0.000316178  -0.000133488  -9.3013e-005  -0.000115963  -0.000199352  -0.000253175  -0.000124879 -3.14673e-005 -7.77854e-006  -2.9363e-006 -2.10229e-006 -2.96814e-006 -7.19774e-006 -2.14646e-005      -4.78961             0
      677.833       843.327       2165.14       13707.8        143162        246599        118041       30608.2       14714.8       14797.9       19612.4       20124.5       16216.3       14917.7       17048.1       16421.2       8443.69       2842.16       1107.38       728.799        871.53       1452.53       1801.86       872.873       216.973       53.0911       19.8892        14.159        19.905       48.1144       142.068    0.00403697    0.00309506    0.00346859   -0.00194707     -0.146345      0.250692      0.336403     0.0936397     0.0382142     0.0279385     0.0215662    0.00702264   -0.00456309    -0.0117221    -0.0202554    -0.0247668    -0.0148055   -0.00550158   -0.00229619   -0.00158827   -0.00197036   -0.00337538   -0.00427556   -0.00210472   -0.00052957  -0.000130766  -4.9324e-005  -3.5294e-005 -4.98091e-005  -0.000120749  -0.000359756       7.13972             0
      1122.72       1405.66       3635.86       23319.4        246599        432432        210827       55585.4       27123.4       27643.7       37068.4       38418.8       31219.5       28919.8       33236.2         32158       16594.1       5601.15       2187.06       1441.78       1726.35       2880.03       3575.36          1733       430.964       105.488       39.5282       28.1452       39.5729       95.6663       282.574    0.00279793    0.00123045   -0.00210407    -0.0416816     -0.558185    -0.0341043       0.43071      0.150048     0.0729791     0.0658711     0.0713622     0.0551477     0.0314671     0.0190954     0.0125633    0.00479819    -0.0004333  -0.000864798  -0.000548699  -0.000468838  -0.000660914   -0.00123209   -0.00165646  -0.000851781  -0.000221205 -5.58837e-005 -2.14322e-005 -1.55243e-005 -2.21077e-005 -5.39543e-005  -0.000164019      0.364636             0
      516.975       651.166        1698.3         11009        118041        210827        104953       28204.5       14031.5       14551.1       19824.7       20836.6       17137.4       16036.6       18584.3       18102.5       9391.36       3183.37       1247.12       824.246       988.886       1652.24       2053.52       996.236       247.912       60.7131       22.7592         16.21       22.7969       55.1204       162.901  -0.000126307  -0.000902114   -0.00407216    -0.0353701     -0.401395     -0.250606       0.11699     0.0611347     0.0366317     0.0399095     0.0530627     0.0524615     0.0404873     0.0358482     0.0395629     0.0368963     0.0185126    0.00613756     0.0023665    0.00154476    0.00183483    0.00304043    0.00375226    0.00180923   0.000448035    0.00010932  4.08681e-005  2.90484e-005  4.07898e-005  9.85137e-005   0.000290164       1.43496             0
      128.993       163.493       429.956       2817.01       30608.2       55585.4       28204.5       7763.14       3926.98       4175.04       5802.05       6213.12       5195.14       4930.79       5782.13       5687.03       2973.44       1014.16       399.247       264.874       318.717       533.721       664.499       322.801       80.4103       19.7075       7.39203       5.26726       7.41012       17.9215       53.0078  -0.000142151  -0.000323001     -0.001188    -0.0096069     -0.108601    -0.0879984     0.0164961     0.0133298    0.00919288     0.0110975     0.0161195     0.0172716       0.01433     0.0135142     0.0157406     0.0153614    0.00799639    0.00272808     0.0010756   0.000714461   0.000860267     0.0014408    0.00179308   0.000870301   0.000216623  5.30619e-005  1.98953e-005   1.4173e-005  1.99355e-005  4.82092e-005   0.000142566       -2.8124             0
       59.882       76.3223        202.21       1337.77       14714.8       27123.4       14031.5       3926.98        2063.9       2215.25       3173.45       3474.83       2967.08       2868.43       3416.82       3404.66       1799.09       618.867       245.277       163.586        197.65       332.036       414.406       201.689       50.3131       12.3446       4.63417       3.30422       4.65072        11.252       33.3196   -7.474e-005  -0.000147837   -0.00052075   -0.00417889    -0.0481944    -0.0443472    0.00378176    0.00528264    0.00405863    0.00526532    0.00809769     0.0090982    0.00786043    0.00767173    0.00919314    0.00918107    0.00486949    0.00168668   0.000673056   0.000451296   0.000547364   0.000921878    0.00115218   0.000561039    0.00013999  3.43552e-005  1.28998e-005  9.19961e-006  1.29509e-005  3.13385e-005  9.28627e-005      -1.47826             0
      58.4153       74.8039       199.449        1330.7       14797.9       27643.7       14551.1       4175.04       2215.25       2498.02       3626.11       4095.78       3584.09       3544.14       4305.54       4362.12       2336.92        812.88       325.052       218.323       265.239       447.491       560.351       273.413       68.3384       16.7922       6.31097       4.50371        6.3432       15.3545       45.5403  -6.6317e-005  -0.000125787  -0.000439265   -0.00355495    -0.0420309    -0.0420054    0.00123761    0.00428961    0.00360128    0.00494385    0.00794076    0.00923706    0.00822117    0.00823554     0.0100893     0.0102607    0.00552667    0.00194014   0.000782836   0.000529559   0.000646721    0.00109498    0.00137397      0.000671   0.000167799  4.12503e-005  1.55092e-005  1.10718e-005  1.55986e-005  3.77679e-005   0.000112131     -0.177696             0
       75.451       96.9932       259.981       1747.03       19612.4       37068.4       19824.7       5802.05       3173.45       3626.11       5498.79       6347.83       5730.62        5815.5       7232.75       7478.01        4075.2       1437.61       581.451       394.096       482.229       818.148       1028.96       503.749       126.236       31.0803       11.6985       8.35811       11.7822       28.5395        84.826 -6.93708e-005  -0.000131108  -0.000461396   -0.00379484    -0.0460404    -0.0485608  1.26208e-005    0.00458277      0.004103     0.0058724    0.00973563     0.0116032     0.0105468     0.0107743     0.0134318     0.0138625    0.00756815    0.00269165    0.00109855   0.000750117   0.000922891    0.00157153    0.00198033   0.000970098   0.000243158  5.98837e-005  2.25466e-005  1.61132e-005  2.27205e-005  5.50479e-005   0.000163786       1.38387             0
      75.7882       97.7299       263.082       1778.38       20124.5       38418.8       20836.6       6213.12       3474.83       4095.78       6347.83       7618.12       7053.37       7387.15       9434.69        9990.3       5557.45        1994.7       818.329        561.07       692.877       1184.08       1497.64       736.434       185.173       45.7104       17.2398        12.336       17.4101       42.2091        125.81 -5.24967e-005  -0.000100928  -0.000361144   -0.00302949    -0.0376768    -0.0410989  -0.000454096    0.00383664    0.00357094    0.00525973    0.00891625     0.0107981    0.00995088     0.0103067     0.0130168     0.0135866    0.00750477    0.00270447    0.00111767   0.000771381   0.000957321    0.00164123    0.00207857    0.00102185   0.000256817  6.33814e-005  2.39035e-005  1.71055e-005  2.41444e-005  5.85449e-005   0.000174661      0.911787             0
       60.026       77.5938       209.592       1423.61       16216.3       31219.5       17137.4       5195.14       2967.08       3584.09       5730.62       7053.37       6788.61       7295.96        9618.1       10462.6       5962.44       2185.09       912.284       634.584       792.874       1367.67       1742.63       861.857       217.682       53.9215       20.3907       14.6204       20.6665       50.1636       150.087 -3.07673e-005 -6.03609e-005  -0.000219598    -0.0018754    -0.0238232    -0.0266271  -0.000436699     0.0025134    0.00240528    0.00362665    0.00626704    0.00769628    0.00717894    0.00753184    0.00963535     0.0101761    0.00569731    0.00208799   0.000877748   0.000615089   0.000773177     0.0013392    0.00170931    0.00084507   0.000213308  5.28251e-005   1.9977e-005  1.43266e-005  2.02563e-005  4.91824e-005   0.000147384     -0.734012             0
      54.4663       70.5407       191.053       1302.64       14917.7       28919.8       16036.6       4930.79       2868.43       3544.14        5815.5       7387.15       7295.96       8152.32         11043       12396.5       7260.96       2727.19       1163.05       823.627       1044.37       1823.16       2345.28       1168.69       296.925       73.8884       28.0404       20.1602       28.5566       69.4261       208.781 -2.07205e-005 -4.13407e-005  -0.000152435   -0.00132068    -0.0170653    -0.0194506  -0.000400639    0.00185638    0.00181919     0.0028014    0.00493096    0.00614362    0.00580799    0.00618603    0.00804381    0.00863662    0.00493397    0.00185546   0.000801293   0.000575647   0.000739313    0.00130345      0.001687   0.000842883   0.000214515  5.34739e-005  2.03279e-005   1.4638e-005  2.07628e-005  5.05379e-005     0.0001527      -1.19685             0
      61.5746       79.8641       216.757       1482.35       17048.1       33236.2       18584.3       5782.13       3416.82       4305.54       7232.75       9434.69        9618.1         11043       15524.9       17949.6       10852.2       4191.95       1833.29        1326.8        1713.5       3036.75       3954.44       1989.86       509.462       127.542       48.6284       35.0886       49.8406       121.429       367.663 -1.72803e-005 -3.50754e-005  -0.000130948    -0.0011487    -0.0150529    -0.0173952  -0.000375419     0.0016967    0.00169038     0.0026485    0.00473931    0.00598821    0.00574074    0.00621886    0.00825244    0.00906843    0.00533888     0.0020868   0.000938762   0.000700635   0.000930327    0.00168643     0.0022317    0.00113441   0.000292653  7.37414e-005  2.82711e-005   2.0493e-005  2.92174e-005  7.14006e-005   0.000218561     -0.174033             0
      58.8107       76.3657       207.599       1423.06       16421.2         32158       18102.5       5687.03       3404.66       4362.12       7478.01        9990.3       10462.6       12396.5       17949.6       21513.8       13412.4        5354.1       2409.01       1788.75       2361.68       4263.84       5637.67       2872.02       742.571       187.343       71.8617       52.0965       74.2671       181.445       554.318 -1.19613e-005 -2.48324e-005 -9.40084e-005  -0.000834767    -0.0110732    -0.0128824  -0.000215341    0.00131548    0.00131841    0.00209129    0.00379384    0.00485572     0.0047199    0.00520667    0.00707803    0.00801937    0.00491932    0.00202516   0.000961597   0.000754393    0.00104587    0.00196486    0.00267561    0.00139082   0.000365163  9.32943e-005  3.61564e-005    2.643e-005  3.79275e-005  9.31512e-005     0.0002898       1.67474             0
      30.0424       39.0439       106.273       729.812       8443.69       16594.1       9391.36       2973.44       1799.09       2336.92        4075.2       5557.45       5962.44       7260.96       10852.2       13412.4       8684.88       3564.45       1663.71       1269.88       1720.25       3174.96          4276       2211.47       578.783       147.441       56.9878       41.5597       59.5196       145.932       450.984 -4.45665e-006 -9.43328e-006 -3.61244e-005  -0.000323932   -0.00433852   -0.00507139 -6.11088e-005   0.000539004   0.000542732   0.000870157    0.00159883    0.00207364    0.00204738    0.00230852    0.00323733    0.00382317    0.00247578    0.00108621    0.00054935   0.000456015   0.000663254    0.00129617    0.00182184   0.000971019    0.00026003  6.74746e-005  2.64695e-005  1.95323e-005  2.82342e-005  6.97343e-005   0.000220924      0.927718             0
      10.0614       13.0847       35.6491       245.157       2842.16       5601.15       3183.37       1014.16       618.867        812.88       1437.61        1994.7       2185.09       2727.19       4191.95        5354.1       3564.45       1540.52       722.954       580.965       806.394       1526.29       2100.28       1105.88       293.701       75.7051       29.5362        21.699       31.2548       76.9725       241.352  -1.1283e-006 -2.39945e-006  -9.2257e-006 -8.31197e-005   -0.00112007   -0.00132047  -1.9759e-005   0.000140351   0.000143121   0.000232259   0.000432269   0.000568393   0.000571078    0.00066084   0.000962917    0.00119762   0.000827041   0.000389013   0.000210048   0.000184647   0.000281977   0.000574014   0.000834489   0.000457198   0.000125195  3.30731e-005  1.31598e-005  9.81992e-006  1.43192e-005  3.56066e-005   0.000115338     -0.486415             0
      3.90501       5.08096       13.8531       95.3695       1107.38       2187.06       1247.12       399.247       245.277       325.052       581.451       818.329       912.284       1163.05       1833.29       2409.01       1663.71       722.954       379.734       287.139       429.937       831.751       1172.69       630.363       170.317       44.5221       17.5673        13.022        18.889       46.7744       149.344 -3.38528e-007 -7.16466e-007 -2.75259e-006 -2.48339e-005  -0.000335867  -0.000400093 -8.99459e-006  4.14438e-005  4.29859e-005  7.06004e-005   0.000132931   0.000176969   0.000180779   0.000214729   0.000325625   0.000427515   0.000314959   0.000158351  9.09172e-005  8.44165e-005   0.000135322    0.00028754   0.000433989   0.000245568   6.9103e-005   1.8673e-005  7.56843e-006   5.7321e-006  8.45755e-006  2.12267e-005  7.09339e-005     -0.772631             0
      2.56239        3.3353       9.09867         62.69       728.799       1441.78       824.246       264.874       163.586       218.323       394.096        561.07       634.584       823.627        1326.8       1788.75       1269.88       580.965       287.139       265.779       361.769       748.003       1079.35       593.808       163.636       43.4826       17.3881       13.0283       19.0598        47.514       155.144 -1.73219e-007 -3.63451e-007 -1.39222e-006 -1.25565e-005  -0.000170187  -0.000204828 -6.44996e-006   2.0442e-005  2.15891e-005  3.58449e-005  6.81516e-005   9.1663e-005  9.49861e-005   0.000115538   0.000181885   0.000251192   0.000196272   0.000104703   6.3544e-005  6.21532e-005   0.000104694   0.000233178    0.00036774   0.000216577  6.31485e-005   1.7596e-005  7.31909e-006  5.66319e-006  8.50229e-006  2.16375e-005   7.5878e-005     -0.856994             0
      3.05727       3.98061       10.8637       74.8982        871.53       1726.35       988.886       318.717        197.65       265.239       482.229       692.877       792.874       1044.37        1713.5       2361.68       1720.25       806.394       429.937       361.769        584.95       1167.13       1755.81       989.279       278.689       75.4523       30.6436       23.2516       34.3615       86.3477       289.726  -1.6162e-007 -3.35741e-007 -1.28104e-006 -1.15394e-005  -0.000156585  -0.000190266 -7.74514e-006  1.82002e-005   1.9571e-005  3.28047e-005  6.28672e-005  8.52408e-005  8.93685e-005   0.000110949   0.000180517   0.000260624   0.000214237   0.000120269  7.67099e-005  7.88778e-005   0.000139871   0.000328294   0.000545581   0.000338095   0.000103415  3.00955e-005  1.30041e-005  1.03929e-005  1.60272e-005  4.16848e-005   0.000157934     -0.917291             0
      5.08653       6.62422       18.0844        124.74       1452.53       2880.03       1652.24       533.721       332.036       447.491       818.148       1184.08       1367.67       1823.16       3036.75       4263.84       3174.96       1526.29       831.751       748.003       1167.13        2522.3       3832.98       2229.58       642.481       177.563       73.3758       56.4777       84.4356       214.149       741.863  -2.0989e-007 -4.31912e-007 -1.64152e-006 -1.47639e-005  -0.000200465  -0.000245604 -1.20568e-005  2.25358e-005  2.46418e-005  4.16374e-005  8.02949e-005   0.000109543   0.000115905    0.00014634   0.000244816   0.000366901   0.000314601   0.000184382   0.000122912   0.000132562   0.000247784   0.000616199    0.00108979   0.000720525   0.000234971  7.25983e-005  3.30819e-005  2.76648e-005  4.42899e-005   0.000118727   0.000499855    -0.0448757             0
      6.30148       8.20785       22.4133       154.656       1801.86       3575.36       2053.52       664.499       414.406       560.351       1028.96       1497.64       1742.63       2345.28       3954.44       5637.67          4276       2100.28       1172.69       1079.35       1755.81       3832.98       6076.43       3598.34       1069.49       301.347       126.863       99.1746       150.164       384.769       1381.85 -2.00595e-007 -4.10614e-007  -1.5573e-006 -1.39975e-005  -0.000190196  -0.000234287 -1.27145e-005  2.09456e-005  2.31623e-005  3.93589e-005  7.62499e-005   0.000104509   0.000111371   0.000142521   0.000243832   0.000376516   0.000333884   0.000202682   0.000140377   0.000158252   0.000311739   0.000824963    0.00156758    0.00112051   0.000395021   0.000131133   6.3588e-005  5.59897e-005   9.3441e-005   0.000258855    0.00121696       2.32667             0
      3.04955       3.97263       10.8502       74.8893       872.873          1733       996.236       322.801       201.689       273.413       503.749       736.434       861.857       1168.69       1989.86       2872.02       2211.47       1105.88       630.363       593.808       989.279       2229.58       3598.34       2220.44       657.993       195.413       82.7621       65.7537       100.907       261.405       976.933 -7.33007e-008 -1.50403e-007  -5.7129e-007 -5.14204e-006 -6.99696e-005  -8.6274e-005 -4.64985e-006  7.75415e-006  8.58459e-006  1.46202e-005  2.84071e-005  3.90813e-005  4.18925e-005  5.41825e-005  9.43119e-005   0.000148968   0.000135483  8.45183e-005  6.04259e-005  7.08653e-005   0.000146809   0.000414262   0.000850665   0.000661638   0.000253125  9.03177e-005  4.65091e-005  4.29816e-005  7.45266e-005   0.000212714    0.00110431      0.959109             0
     0.757452      0.986826       2.69564       18.6096       216.973       430.964       247.912       80.4103       50.3131       68.3384       126.236       185.173       217.682       296.925       509.462       742.571       578.783       293.701       170.317       163.636       278.689       642.481       1069.49       657.993       222.372       50.9513       29.2463       21.5731         33.57       87.9776       343.656 -1.36097e-008 -2.80918e-008 -1.07042e-007  -9.6563e-007 -1.31615e-005 -1.62078e-005 -8.23885e-007   1.4865e-006  1.63934e-006  2.79313e-006  5.43775e-006  7.50446e-006  8.08423e-006  1.05455e-005  1.86034e-005  2.98953e-005  2.77135e-005  1.76595e-005  1.29606e-005  1.57346e-005   3.4166e-005   0.000102699    0.00022782   0.000192245   7.9295e-005  3.01564e-005  1.63554e-005  1.57542e-005  2.82287e-005  8.26857e-005   0.000469455     -0.531704             0
     0.185233      0.241344      0.659332       4.55251       53.0911       105.488       60.7131       19.7075       12.3446       16.7922       31.0803       45.7104       53.9215       73.8884       127.542       187.343       147.441       75.7051       44.5221       43.4826       75.4523       177.563       301.347       195.413       50.9513       33.5816      -1.95384       9.25178       10.6034       28.1303        115.57 -2.48599e-009 -5.16311e-009 -1.97367e-008 -1.78431e-007 -2.43561e-006 -2.99413e-006 -1.42006e-007   2.8051e-007  3.07942e-007  5.24631e-007  1.02285e-006  1.41522e-006  1.53079e-006  2.01057e-006  3.58435e-006  5.83729e-006  5.49157e-006  3.55842e-006   2.6685e-006  3.33752e-006  7.56224e-006  2.41127e-005  5.74332e-005   5.2079e-005  2.28945e-005  9.18051e-006  5.19903e-006  5.18746e-006  9.56546e-006   2.8678e-005   0.000177492     -0.571685             0
    0.0693619     0.0903782      0.246926       1.70517       19.8892       39.5282       22.7592       7.39203       4.63417       6.31097       11.6985       17.2398       20.3907       28.0404       48.6284       71.8617       56.9878       29.5362       17.5673       17.3881       30.6436       73.3758       126.863       82.7621       29.2463      -1.95384       18.9131      -7.04437       7.48758       13.3126        58.056 -6.95961e-010 -1.45385e-009 -5.57388e-009  -5.0489e-008 -6.90055e-007 -8.46754e-007 -3.73723e-008  8.09188e-008  8.84386e-008  1.50622e-007  2.93979e-007  4.07599e-007   4.4235e-007  5.84162e-007  1.04999e-006  1.72763e-006  1.64382e-006  1.07925e-006  8.23611e-007  1.05623e-006  2.48408e-006  8.34653e-006  2.11433e-005  2.03555e-005  9.42433e-006  3.94601e-006  2.31703e-006  2.38365e-006  4.51048e-006  1.38196e-005  9.33606e-005     -0.450119             0
    0.0493615     0.0643205      0.175744       1.21373        14.159       28.1452         16.21       5.26726       3.30422       4.50371       8.35811        12.336       14.6204       20.1602       35.0886       52.0965       41.5597        21.699        13.022       13.0283       23.2516       56.4777       99.1746       65.7537       21.5731       9.25178      -7.04437       17.8257      -5.87797       14.1399       54.4086 -3.70582e-010 -7.78399e-010 -2.99244e-009 -2.71538e-008 -3.71528e-007 -4.55047e-007 -1.86371e-008  4.43001e-008  4.82099e-008  8.20676e-008  1.60304e-007  2.22635e-007  2.42267e-007  3.21314e-007  5.81207e-007  9.63837e-007  9.25025e-007  6.13538e-007  4.74785e-007  6.21561e-007  1.50875e-006  5.30061e-006   1.4131e-005  1.42765e-005   6.8892e-006  2.98793e-006  1.80893e-006  1.91169e-006  3.70403e-006  1.15848e-005  8.57874e-005     -0.448323             0
    0.0693758      0.090403      0.247022        1.7061        19.905       39.5729       22.7969       7.41012       4.65072        6.3432       11.7822       17.4101       20.6665       28.5566       49.8406       74.2671       59.5196       31.2548        18.889       19.0598       34.3615       84.4356       150.164       100.907         33.57       10.6034       7.48758      -5.87797        22.232       9.28938       101.965 -3.90009e-010 -8.23466e-010 -3.17373e-009 -2.88451e-008 -3.95047e-007 -4.82952e-007 -1.83067e-008  4.78373e-008  5.18466e-008   8.8206e-008  1.72393e-007  2.39751e-007  2.61462e-007  3.47944e-007  6.32442e-007  1.05505e-006  1.01918e-006  6.81279e-007  5.33014e-007  7.09497e-007  1.76777e-006  6.44339e-006  1.78992e-005  1.87853e-005  9.36737e-006  4.18093e-006  2.59747e-006  2.81075e-006  5.56504e-006  1.77485e-005   0.000145104      -0.51703             0
     0.167663      0.218486      0.597022       4.12368       48.1144       95.6663       55.1204       17.9215        11.252       15.3545       28.5395       42.2091       50.1636       69.4261       121.429       181.445       145.932       76.9725       46.7744        47.514       86.3477       214.149       384.769       261.405       87.9776       28.1303       13.3126       14.1399       9.28938       67.1862       304.599 -7.07435e-010 -1.50011e-009  -5.7936e-009 -5.27252e-008 -7.22648e-007 -8.82075e-007 -3.12101e-008  8.86075e-008  9.57163e-008  1.62758e-007  3.18238e-007  4.43059e-007  4.84008e-007  6.45797e-007  1.17823e-006  1.97449e-006  1.91687e-006  1.28909e-006  1.01725e-006  1.37218e-006  3.49209e-006  1.31122e-005  3.76298e-005  4.06854e-005  2.08202e-005   9.5114e-006  6.03881e-006  6.67064e-006  1.34676e-005  4.37466e-005   0.000399198      0.362248             0
     0.494759      0.644782        1.7621        12.173       142.068       282.574       162.901       53.0078       33.3196       45.5403        84.826        125.81       150.087       208.781       367.663       554.318       450.984       241.352       149.344       155.144       289.726       741.863       1381.85       976.933       343.656        115.57        58.056       54.4086       101.965       304.599       5981.43             0             0             0             0             0             0             0             0             0             0             0             0             0             0             0             0             0             0             0             0             0             0             0             0             0             0             0             0             0             0             0      0.505749             0
 3.27453e-006  1.65406e-005  6.08409e-005    0.00043044    0.00403697    0.00279793  -0.000126307  -0.000142151   -7.474e-005  -6.6317e-005 -6.93708e-005 -5.24967e-005 -3.07673e-005 -2.07205e-005 -1.72803e-005 -1.19613e-005 -4.45665e-006  -1.1283e-006 -3.38528e-007 -1.73219e-007  -1.6162e-007  -2.0989e-007 -2.00595e-007 -7.33007e-008 -1.36097e-008 -2.48599e-009 -6.95961e-010 -3.70582e-010 -3.90009e-010 -7.07435e-010             0  2.80729e-005 -5.58748e-006  4.71137e-008  2.37148e-007  1.94325e-006  2.64099e-006  9.76319e-007  1.92832e-007  7.02591e-008  5.34262e-008  5.34943e-008  4.14644e-008  2.52453e-008  1.75553e-008  1.51743e-008  1.10617e-008  4.30675e-009  1.09807e-009  3.24179e-010  1.61705e-010  1.46597e-010  1.85257e-010  1.74281e-010  6.40366e-011  1.20746e-011  2.24136e-012  6.37013e-013  3.44048e-013   3.6696e-013  6.72992e-013             0             0  -0.000299098
  -1.084e-005   1.7584e-006  3.15714e-005   0.000298869    0.00309506    0.00123045  -0.000902114  -0.000323001  -0.000147837  -0.000125787  -0.000131108  -0.000100928 -6.03609e-005 -4.13407e-005 -3.50754e-005 -2.48324e-005 -9.43328e-006 -2.39945e-006 -7.16466e-007 -3.63451e-007 -3.35741e-007 -4.31912e-007 -4.10614e-007 -1.50403e-007 -2.80918e-008 -5.16311e-009 -1.45385e-009 -7.78399e-010 -8.23466e-010 -1.50011e-009             0 -5.58748e-006  1.12447e-005 -5.55771e-006  2.73524e-007  2.30832e-006  3.19963e-006  1.20562e-006  2.42724e-007  8.99406e-008   6.9364e-008  7.02549e-008  5.49562e-008  3.37001e-008  2.35653e-008  2.04567e-008  1.49614e-008  5.83965e-009  1.49179e-009  4.41075e-010   2.2027e-010  1.99869e-010  2.52752e-010  2.37901e-010  8.74453e-011   1.6493e-011  3.06213e-012  8.70412e-013  4.70157e-013  5.01508e-013  9.19801e-013             0             0   -0.00014511
-5.03025e-005 -2.90073e-005 -7.12683e-006   0.000250669    0.00346859   -0.00210407   -0.00407216     -0.001188   -0.00052075  -0.000439265  -0.000461396  -0.000361144  -0.000219598  -0.000152435  -0.000130948 -9.40084e-005 -3.61244e-005  -9.2257e-006 -2.75259e-006 -1.39222e-006 -1.28104e-006 -1.64152e-006  -1.5573e-006  -5.7129e-007 -1.07042e-007 -1.97367e-008 -5.57388e-009 -2.99244e-009 -3.17373e-009  -5.7936e-009             0  4.71137e-008 -5.55771e-006   1.1338e-005 -4.97319e-006  5.56619e-006  7.92188e-006  3.06217e-006  6.32069e-007  2.39442e-007  1.88152e-007  1.93536e-007  1.53291e-007  9.49342e-008  6.69007e-008  5.84265e-008  4.29302e-008  1.68161e-008  4.30769e-009  1.27636e-009  6.38454e-010  5.80054e-010  7.34242e-010  6.91608e-010  2.54351e-010  4.79919e-011  8.91294e-012  2.53407e-012  1.36902e-012  1.46048e-012  2.67887e-012             0             0  -0.000288914
 -0.000377547  -0.000307176  -0.000431093  -0.000957608   -0.00194707    -0.0416816    -0.0353701    -0.0096069   -0.00417889   -0.00355495   -0.00379484   -0.00302949    -0.0018754   -0.00132068    -0.0011487  -0.000834767  -0.000323932 -8.31197e-005 -2.48339e-005 -1.25565e-005 -1.15394e-005 -1.47639e-005 -1.39975e-005 -5.14204e-006  -9.6563e-007 -1.78431e-007  -5.0489e-008 -2.71538e-008 -2.88451e-008 -5.27252e-008             0  2.37148e-007  2.73524e-007 -4.97319e-006  1.48122e-005  2.70232e-005  4.79948e-005  1.91611e-005    4.081e-006  1.59012e-006  1.28027e-006  1.34409e-006  1.08259e-006  6.79561e-007  4.84044e-007  4.26296e-007  3.15282e-007  1.24124e-007  3.19204e-008  9.48649e-009  4.75631e-009  4.32896e-009  5.48717e-009  5.17393e-009  1.90428e-009  3.59514e-010   6.6797e-011  1.89975e-011  1.02658e-011  1.09537e-011  2.00945e-011             0             0   -0.00165863
  -0.00347665   -0.00320446   -0.00559588     -0.021286     -0.146345     -0.558185     -0.401395     -0.108601    -0.0481944    -0.0420309    -0.0460404    -0.0376768    -0.0238232    -0.0170653    -0.0150529    -0.0110732   -0.00433852   -0.00112007  -0.000335867  -0.000170187  -0.000156585  -0.000200465  -0.000190196 -6.99696e-005 -1.31615e-005 -2.43561e-006 -6.90055e-007 -3.71528e-007 -3.95047e-007 -7.22648e-007             0  1.94325e-006  2.30832e-006  5.56619e-006  2.70232e-005   0.000320071    0.00046682   0.000196208  4.33971e-005  1.74997e-005  1.45216e-005  1.56446e-005  1.28758e-005  8.22633e-006  5.94331e-006  5.29355e-006  3.94981e-006  1.56575e-006  4.04811e-007  1.20803e-007  6.07602e-008  5.54356e-008  7.03982e-008  6.64736e-008   2.4492e-008  4.62767e-009  8.60341e-010    2.448e-010  1.32331e-010  1.41236e-010  2.59149e-010             0             0   -0.00816564
  -0.00125838  -0.000568045   0.000905692     0.0186921      0.250692    -0.0341043     -0.250606    -0.0879984    -0.0443472    -0.0420054    -0.0485608    -0.0410989    -0.0266271    -0.0194506    -0.0173952    -0.0128824   -0.00507139   -0.00132047  -0.000400093  -0.000204828  -0.000190266  -0.000245604  -0.000234287  -8.6274e-005 -1.62078e-005 -2.99413e-006 -8.46754e-007 -4.55047e-007 -4.82952e-007 -8.82075e-007             0  2.64099e-006  3.19963e-006  7.92188e-006  4.79948e-005    0.00046682   0.000769841   0.000325524  7.65467e-005  3.21042e-005  2.75785e-005    3.061e-005  2.58353e-005  1.68555e-005  1.23875e-005  1.11858e-005  8.43781e-006  3.37362e-006  8.78041e-007  2.63369e-007  1.32986e-007  1.21696e-007  1.54895e-007  1.46515e-007  5.40565e-008  1.02245e-008   1.9024e-009  5.41641e-010  2.92932e-010  3.12758e-010  5.74029e-010             0             0   -0.00122827
   0.00105551    0.00152118     0.0044196      0.031059      0.336403       0.43071       0.11699     0.0164961    0.00378176    0.00123761  1.26208e-005  -0.000454096  -0.000436699  -0.000400639  -0.000375419  -0.000215341 -6.11088e-005  -1.9759e-005 -8.99459e-006 -6.44996e-006 -7.74514e-006 -1.20568e-005 -1.27145e-005 -4.64985e-006 -8.23885e-007 -1.42006e-007 -3.73723e-008 -1.86371e-008 -1.83067e-008 -3.12101e-008             0  9.76319e-007  1.20562e-006  3.06217e-006  1.91611e-005   0.000196208   0.000325524   0.000163736  3.14741e-005  1.63009e-005  1.46132e-005  1.68421e-005  1.46838e-005  9.84599e-006   7.4017e-006   6.8074e-006  5.21097e-006  2.10778e-006   5.5358e-007  1.67216e-007  8.48918e-008  7.80065e-008  9.96012e-008  9.44411e-008  3.49091e-008  6.61242e-009  1.23169e-009  3.50977e-010   1.8994e-010  2.02896e-010  3.72531e-010             0             0    0.00378163
  0.000390548   0.000497527    0.00131659    0.00868511     0.0936397      0.150048     0.0611347     0.0133298    0.00528264    0.00428961    0.00458277    0.00383664     0.0025134    0.00185638     0.0016967    0.00131548   0.000539004   0.000140351  4.14438e-005   2.0442e-005  1.82002e-005  2.25358e-005  2.09456e-005  7.75415e-006   1.4865e-006   2.8051e-007  8.09188e-008  4.43001e-008  4.78373e-008  8.86075e-008             0  1.92832e-007  2.42724e-007  6.32069e-007    4.081e-006  4.33971e-005  7.65467e-005  3.14741e-005  2.07224e-005 -1.21181e-006  4.14126e-006  4.99166e-006  4.52788e-006  3.14133e-006  2.42996e-006  2.28793e-006  1.78487e-006  7.32936e-007  1.94798e-007  5.93896e-008  3.03684e-008  2.80605e-008  3.59814e-008  3.42288e-008   1.2684e-008  2.40717e-009  4.49034e-010  1.28097e-010  6.93817e-011   7.4162e-011  1.36233e-010             0             0    0.00182967
  0.000191064   0.000227977   0.000567344    0.00355886     0.0382142     0.0729791     0.0366317    0.00919288    0.00405863    0.00360128      0.004103    0.00357094    0.00240528    0.00181919    0.00169038    0.00131841   0.000542732   0.000143121  4.29859e-005  2.15891e-005   1.9571e-005  2.46418e-005  2.31623e-005  8.58459e-006  1.63934e-006  3.07942e-007  8.84386e-008  4.82099e-008  5.18466e-008  9.57163e-008             0  7.02591e-008  8.99406e-008  2.39442e-007  1.59012e-006  1.74997e-005  3.21042e-005  1.63009e-005 -1.21181e-006  1.33678e-005 -3.47945e-006  2.69842e-006  2.56016e-006  1.84782e-006  1.47859e-006   1.4321e-006   1.1434e-006   4.7837e-007  1.29043e-007   3.9805e-008  2.05406e-008  1.91144e-008  2.46441e-008  2.35423e-008  8.75197e-009  1.66503e-009  3.11177e-010  8.88972e-011  4.82019e-011  5.15655e-011  9.47837e-011             0             0   0.000962294
  0.000178462   0.000199679   0.000461178    0.00267268     0.0279385     0.0658711     0.0399095     0.0110975    0.00526532    0.00494385     0.0058724    0.00525973    0.00362665     0.0028014     0.0026485    0.00209129   0.000870157   0.000232259  7.06004e-005  3.58449e-005  3.28047e-005  4.16374e-005  3.93589e-005  1.46202e-005  2.79313e-006  5.24631e-007  1.50622e-007  8.20676e-008   8.8206e-008  1.62758e-007             0  5.34262e-008   6.9364e-008  1.88152e-007  1.28027e-006  1.45216e-005  2.75785e-005  1.46132e-005  4.14126e-006 -3.47945e-006  1.34503e-005 -2.63572e-006  2.96271e-006  2.23471e-006  1.85877e-006  1.86096e-006   1.5275e-006  6.53731e-007  1.79604e-007  5.62147e-008  2.93434e-008  2.75518e-008  3.57705e-008   3.4355e-008  1.28244e-008  2.44751e-009  4.58518e-010   1.3123e-010  7.12555e-011  7.63091e-011  1.40379e-010             0             0   0.000784297
  0.000211363   0.000219505   0.000455167    0.00226378     0.0215662     0.0713622     0.0530627     0.0161195    0.00809769    0.00794076    0.00973563    0.00891625    0.00626704    0.00493096    0.00473931    0.00379384    0.00159883   0.000432269   0.000132931  6.81516e-005  6.28672e-005  8.02949e-005  7.62499e-005  2.84071e-005  5.43775e-006  1.02285e-006  2.93979e-007  1.60304e-007  1.72393e-007  3.18238e-007             0  5.34943e-008  7.02549e-008  1.93536e-007  1.34409e-006  1.56446e-005    3.061e-005  1.68421e-005  4.99166e-006  2.69842e-006 -2.63572e-006  1.54009e-005 -1.22953e-006  3.46517e-006  3.00941e-006  3.12981e-006  2.65424e-006  1.16747e-006  3.28044e-007  1.04559e-007   5.5376e-008  5.25932e-008  6.88951e-008  6.66297e-008  2.50057e-008  4.79196e-009  9.00564e-010  2.58368e-010  1.40547e-010  1.50726e-010  2.77574e-010             0             0   0.000554756
  0.000192191   0.000182892    0.00032225    0.00112181    0.00702264     0.0551477     0.0524615     0.0172716     0.0090982    0.00923706     0.0116032     0.0107981    0.00769628    0.00614362    0.00598821    0.00485572    0.00207364   0.000568393   0.000176969   9.1663e-005  8.52408e-005   0.000109543   0.000104509  3.90813e-005  7.50446e-006  1.41522e-006  4.07599e-007  2.22635e-007  2.39751e-007  4.43059e-007             0  4.14644e-008  5.49562e-008  1.53291e-007  1.08259e-006  1.28758e-005  2.58353e-005  1.46838e-005  4.52788e-006  2.56016e-006  2.96271e-006 -1.22953e-006  1.60515e-005  -1.5935e-006  3.65624e-006  3.96931e-006  3.49669e-006  1.58929e-006  4.59065e-007  1.49687e-007  8.07501e-008  7.78288e-008  1.03144e-007  1.00663e-007  3.80457e-008   7.3307e-009  1.38346e-009  3.98186e-010  2.17138e-010  2.33301e-010  4.30256e-010             0             0   0.000107332
  0.000139569   0.000120948   0.000167755   0.000120996   -0.00456309     0.0314671     0.0404873       0.01433    0.00786043    0.00822117     0.0105468    0.00995088    0.00717894    0.00580799    0.00574074     0.0047199    0.00204738   0.000571078   0.000180779  9.49861e-005  8.93685e-005   0.000115905   0.000111371  4.18925e-005  8.08423e-006  1.53079e-006   4.4235e-007  2.42267e-007  2.61462e-007  4.84008e-007             0  2.52453e-008  3.37001e-008  9.49342e-008  6.79561e-007  8.22633e-006  1.68555e-005  9.84599e-006  3.14133e-006  1.84782e-006  2.23471e-006  3.46517e-006  -1.5935e-006  1.47334e-005 -2.24919e-006  3.82571e-006  3.52013e-006  1.66316e-006  4.96779e-007  1.66627e-007  9.20095e-008   9.0373e-008   1.2159e-007  1.20089e-007   4.5813e-008  8.89146e-009  1.68742e-009  4.87768e-010  2.66867e-010  2.87456e-010  5.31152e-010             0             0 -5.70355e-005
