IGOR
WAVES/D/O/N=(20, 20)	HH
BEGIN
   24565 -29419.6  4911.96  8.86059  10.6127  12.4643  14.2138  15.6555  17.1983  19.5725  20.7278  19.0062  15.6124  12.0363  8.81771   6.1418  4.12066   2.7148   1.7704  1.15148
-29419.6  44290.1 -19584.9  4941.33  43.5581  50.8332  57.7701  63.4989  69.6634  79.2077  83.8282   76.828  63.0861  48.6216  35.6118     24.8  16.6363  10.9591  7.14596  4.64737
 4911.96 -19584.9  29596.7 -19511.2  5017.68  128.194  143.599  156.553  170.872  193.614   204.41  187.006   153.35  118.066   86.403   60.131   40.315  26.5453  17.3025  11.2491
 8.86059  4941.33 -19511.2  29559.5 -19412.3   5121.3  237.127  255.394  276.762  312.146    328.5   299.84  245.455  188.729  137.973  95.9408  64.2804  42.3017    27.56  17.9109
 10.6127  43.5581  5017.68 -19412.3  29712.3 -19218.1  5304.84  420.216  449.324  502.696  526.222  478.521  390.657  299.755  218.788  151.943  101.697  66.8687  43.5351  28.2763
 12.4643  50.8332  128.194   5121.3 -19218.1  30217.9   -18874  5621.17  743.394  818.424    848.3  766.311   622.67  476.121  346.594    240.2  160.501  105.391  68.5383  44.4744
 14.2138  57.7701  143.599  237.127  5304.84   -18874    30391 -18601.2  5904.28  1078.13  1105.07  991.375  801.789  611.038  443.702  306.911  204.769  134.296  87.2502  56.5701
 15.6555  63.4989  156.553  255.394  420.216  5621.17 -18601.2  31381.1 -17906.3  6585.68  1666.59  1468.36  1174.18  887.935  641.176  441.647  293.706  192.128  124.562   80.623
 17.1983  69.6634  170.872  276.762  449.324  743.394  5904.28 -17906.3  32533.6 -17407.4  6982.69  1794.04   1418.9  1065.64  765.907  525.787  348.779  227.707    147.4  95.2849
 19.5725  79.2077  193.614  312.146  502.696  818.424  1078.13  6585.68 -17407.4  33420.7 -16136.8  7652.41  2103.68  1552.04  1102.95  751.274  495.523  322.116  207.808  133.972
 20.7278  83.8282   204.41    328.5  526.222    848.3  1105.07  1666.59  6982.69 -16136.8  33535.5 -16219.7  7382.66  1793.75  1261.51  853.658  560.527  363.186  233.727  150.393
 19.0062   76.828  187.006   299.84  478.521  766.311  991.375  1468.36  1794.04  7652.41 -16219.7  34650.7 -16346.3  7088.18  1487.84  989.103  642.074  412.709  264.036  169.129
 15.6124  63.0861   153.35  245.455  390.657   622.67  801.789  1174.18   1418.9  2103.68  7382.66 -16346.3  33146.4 -17308.9  6348.35  933.388  596.932   380.12  241.631  154.056
 12.0363  48.6216  118.066  188.729  299.755  476.121  611.038  887.935  1065.64  1552.04  1793.75  7088.18 -17308.9  31764.9 -18285.4   5722.9  512.855  322.902  203.776  129.268
 8.81771  35.6118   86.403  137.973  218.788  346.594  443.702  641.176  765.907  1102.95  1261.51  1487.84  6348.35 -18285.4  30952.1   -18797  5382.84  292.469  181.513  113.899
  6.1418     24.8   60.131  95.9408  151.943    240.2  306.911  441.647  525.787  751.274  853.658  989.103  933.388   5722.9   -18797  30207.7 -19191.3  5146.93  146.434  90.5132
 4.12066  16.6363   40.315  64.2804  101.697  160.501  204.769  293.706  348.779  495.523  560.527  642.074  596.932  512.855  5382.84 -19191.3  29877.9 -19409.1  5021.53  70.4289
  2.7148  10.9591  26.5453  42.3017  66.8687  105.391  134.296  192.128  227.707  322.116  363.186  412.709   380.12  322.902  292.469  5146.93 -19409.1  29618.4 -19519.1  4959.72
  1.7704  7.14596  17.3025    27.56  43.5351  68.5383  87.2502  124.562    147.4  207.808  233.727  264.036  241.631  203.776  181.513  146.434  5021.53 -19519.1  24636.7  -9763.2
 1.15148  4.64737  11.2491  17.9109  28.2763  44.4744  56.5701   80.623  95.2849  133.972  150.393  169.129  154.056  129.268  113.899  90.5132  70.4289  4959.72  -9763.2  4941.93
END
