IGOR
WAVES/D/O/N=(64, 64)	Hess
BEGIN
      11.8469      -9.94722        21.775       352.224       1318.97        1103.3       333.999       99.6178       98.1319       163.564       158.213       77.9552       36.7408       27.8077        30.217       33.5853       29.2289       17.2962       8.36033       4.33528       2.80347       2.44801       2.82331       3.28233       2.15759       0.66141      0.180052     0.0807206     0.0762813      0.130032      0.231567   1.0152e-006  1.37724e-006  1.12655e-005   0.000245917 -6.78557e-005   -0.00118548  -0.000403299 -7.45103e-005 -2.63063e-005  9.66935e-006  1.28627e-005 -4.45758e-006 -3.32264e-006  2.15737e-007  5.90735e-006  1.46309e-005  2.00316e-005   1.5525e-005  8.81947e-006  5.06738e-006   3.5138e-006   3.2251e-006  3.85824e-006  4.60962e-006  3.09262e-006  9.62693e-007  2.65122e-007  1.19907e-007   1.1407e-007  1.95437e-007  3.53671e-007      -0.59188             0
     -9.94722        22.955        25.863       619.618       2336.56       1972.93       602.154       180.842       179.171       300.044        291.33       143.977        68.018       51.5747       56.1226       62.4464       54.3918        32.207       15.5752       8.07962        5.2263       4.56463       5.26529       6.12211       4.02467       1.23385      0.335902      0.150598       0.14232       0.24261      0.432085  2.02345e-006  2.86801e-006  2.28054e-005   0.000472705    8.194e-005   -0.00194455  -0.000697324  -0.000133182 -4.97918e-005  1.15612e-005   1.4521e-005 -1.47277e-005 -9.83585e-006 -2.50289e-006  8.02849e-006  2.44392e-005  3.54222e-005  2.81143e-005  1.61604e-005  9.34821e-006  6.51035e-006  5.99329e-006  7.18519e-006  8.59787e-006  5.77502e-006  1.79923e-006  4.95819e-007  2.24354e-007   2.1351e-007   3.6591e-007  6.62742e-007     -0.897878             0
       21.775        25.863       288.078       5035.49       19314.3       16490.8       5084.55       1540.67       1538.11       2592.21       2530.09       1255.67       595.189       452.488       493.397       549.862       479.525       284.209       137.542       71.3891       46.1975       40.3617       46.5686       54.1568       35.6076       10.9175       2.97241       1.33273       1.25953       2.14718       3.82452  1.56775e-005  2.30958e-005   0.000186055    0.00386066    0.00157174    -0.0150409   -0.00565583   -0.00111377  -0.000429964  8.51109e-005  9.63036e-005  -0.000157905  -0.000104348  -3.5433e-005  5.99614e-005   0.000210859    0.00031617   0.000254544     0.0001474  8.56456e-005  5.98232e-005  5.51874e-005  6.62636e-005  7.93812e-005  5.33635e-005  1.66361e-005  4.58662e-006  2.07614e-006  1.97634e-006   3.3877e-006  6.13982e-006      -3.45295             0
      352.224       619.618       5035.49       93512.8        362775        313868       97981.3       30027.3       30279.1       51471.8         50603       25263.4       12032.4       9182.54       10042.8       11218.5       9801.31       5817.33       2818.35       1464.04        948.02       828.667       956.456       1112.62       731.697       224.379       61.0974       27.3966       25.8938       44.1446       78.6431   0.000243667    0.00037184    0.00309471     0.0662571      0.033119     -0.267473     -0.104796    -0.0212582   -0.00831535    0.00207835    0.00226874   -0.00324579   -0.00220549  -0.000749794    0.00132656    0.00465488    0.00700463    0.00565844    0.00328569    0.00191325    0.00133862    0.00123647    0.00148608    0.00178159    0.00119835   0.000373746   0.000103077  4.66697e-005  4.44346e-005  7.61778e-005   0.000138126       5.07513             0
      1318.97       2336.56       19314.3        362775  1.42812e+006  1.25436e+006        397443        123518        126168        216954        215436        108471         52023       39923.1         43856       49158.5       43063.2         25612       12428.2       6464.02       4189.65       3664.84       4232.34       4925.45       3240.18       993.861       270.674        121.39       114.743       195.634        348.61    0.00175933    0.00279275     0.0218066      0.408744      0.672816     -0.662048     -0.349639    -0.0825287     -0.045259    -0.0306752    -0.0485006    -0.0525671    -0.0316509    -0.0220244    -0.0158037    -0.0040195    0.00969326     0.0126343    0.00863637    0.00544471    0.00399063    0.00379899    0.00466181    0.00567225     0.0038565    0.00121228   0.000336298   0.000152931   0.000146086   0.000251069   0.000458785      0.864501             0
       1103.3       1972.93       16490.8        313868  1.25436e+006  1.12035e+006        361142        114168        118538        206954        208349        106170       51434.5       39796.3       44003.4       49577.8       43604.8       26015.1       12654.5        6594.1       4280.16       3748.17       4332.25          5045       3320.46       1018.87       277.564       124.507       117.709       200.716       357.807    0.00243698    0.00399045     0.0309499      0.554199       1.32153    -0.0282993     -0.201859    -0.0647985    -0.0548359    -0.0879367      -0.14087     -0.116551    -0.0698989    -0.0558775     -0.056298    -0.0514263    -0.0325224     -0.012581   -0.00361593  -0.000931779  -0.000142398   0.000185396   0.000491879   0.000823719   0.000669633   0.000235503  7.04459e-005  3.37672e-005  3.34955e-005   5.9174e-005   0.000117267       1.07799             0
      333.999       602.154       5084.55       97981.3        397443        361142        118663       38255.1       40539.7       72169.3       73991.5       38326.5       18831.3       14743.1       16459.4       18688.2       16537.5       9914.01       4840.64       2529.79       1645.77       1443.72       1670.92        1947.8       1282.98       393.909       107.358       48.1742       45.5559       77.6967       138.592   0.000776455    0.00130394     0.0103308      0.188022      0.505119     0.0903122    -0.0392665    -0.0169725    -0.0180012    -0.0362699    -0.0630601    -0.0530373    -0.0328662    -0.0274916    -0.0293699    -0.0291382     -0.020928    -0.0098552   -0.00381351   -0.00161114  -0.000861722  -0.000630167  -0.000616111  -0.000615359  -0.000352877 -9.59559e-005  -2.3552e-005 -9.67042e-006 -8.49261e-006 -1.36292e-005 -1.94025e-005      0.433635             0
      99.6178       180.842       1540.67       30027.3        123518        114168       38255.1       12629.5       13678.4       24958.1         26183       13854.4       6937.18       5519.99       6246.61       7171.38        6402.8       3865.64       1897.99       996.233       650.291       571.938       663.265       774.355       510.648       156.922       42.7977       19.2142       18.1771       31.0107       55.3678   0.000192749    0.00033057    0.00268699     0.0504555       0.14343     0.0330203   -0.00888056   -0.00431121    -0.0047027   -0.00993714    -0.0196465    -0.0180989    -0.0117855    -0.0101447    -0.0109811    -0.0108548   -0.00760492   -0.00341109   -0.00122951  -0.000472734  -0.000223439  -0.000138651  -0.000108416 -7.88163e-005 -2.75491e-005 -2.68389e-006  4.83805e-007  6.37473e-007  9.08592e-007  1.95088e-006  5.78702e-006      -3.89738             0
      98.1319       179.171       1538.11       30279.1        126168        118538       40539.7       13678.4       15255.5       28567.5         30826       16746.7       8589.73       6980.87       8043.01       9372.47       8470.26       5163.94       2555.09       1349.29       884.908       781.129       908.407       1062.84       702.047       216.012       58.9698       26.4941        25.078        42.802       76.5227   0.000149861   0.000261531    0.00217521     0.0420954        0.1249     0.0321994   -0.00689369    -0.0034816   -0.00358054   -0.00743068    -0.0179167    -0.0188401    -0.0130506    -0.0115717    -0.0125876    -0.0121201   -0.00786949   -0.00301902  -0.000809465  -0.000157694  3.12874e-005   0.000119959   0.000223571   0.000338547   0.000263111  9.03262e-005  2.66319e-005  1.26482e-005   1.2469e-005  2.19336e-005  4.29666e-005     -0.831985             0
      163.564       300.044       2592.21       51471.8        216954        206954       72169.3       24958.1       28567.5         55237       61464.2       34447.2       18185.2       15166.8       17870.9       21222.3       19480.8       12027.6        6011.6          3200       2111.79       1873.18       2186.56       2565.66       1698.46       523.477        143.09       64.3511        60.957       104.098       186.444   0.000204326   0.000361707    0.00306266     0.0606431      0.188534     0.0583244   -0.00659335   -0.00402317   -0.00383128   -0.00789704    -0.0268476    -0.0331626    -0.0246802    -0.0227613    -0.0251524    -0.0238445    -0.0143618   -0.00441496  -0.000456037   0.000459786   0.000659043   0.000830782    0.00119554    0.00161064    0.00117329   0.000387099   0.000111191  5.18697e-005  5.04921e-005  8.80105e-005   0.000167921       1.94904             0
      158.213        291.33       2530.09         50603        215436        208349       73991.5         26183         30826       61464.2       70782.1       41020.9       22383.3       19234.2       23271.2       28268.5       26444.8       16582.9       8393.06       4512.55       3001.54       2678.81       3141.93       3700.27       2456.51       758.757       207.747       93.5471       88.6986       151.584       272.125   0.000194789   0.000348887     0.0029829     0.0595359      0.199347     0.0901313    0.00715637   0.000151523  -0.000145548   -0.00303917    -0.0256843    -0.0373339    -0.0301096    -0.0296449    -0.0348775    -0.0354821    -0.0236824   -0.00897247   -0.00217511   -0.00020431    0.00035948   0.000667983    0.00110506    0.00159989    0.00121684   0.000412853   0.000120879  5.71569e-005  5.61847e-005  9.86375e-005   0.000192251       1.57691             0
      77.9552       143.977       1255.67       25263.4        108471        106170       38326.5       13854.4       16746.7       34447.2       41020.9       24660.1       13916.7       12370.2       15416.6       19221.6       18384.9       11744.1       6034.92       3284.65       2206.19       1984.13       2341.12       2769.97        1845.5       571.603       156.834       70.7353       67.1516       114.868       206.825   0.000105242   0.000190273    0.00163664     0.0327456      0.117912     0.0711651     0.0138827    0.00336142    0.00303806    0.00283022    -0.0109918    -0.0208905    -0.0186669     -0.019986    -0.0256076    -0.0288501     -0.022282    -0.0107171   -0.00405703   -0.00160896  -0.000769046  -0.000470081  -0.000346565  -0.000214628  -4.0774e-005  1.19823e-005  8.53295e-006  5.68092e-006   6.7362e-006  1.32964e-005  3.42945e-005     -0.231819             0
      36.7408        68.018       595.189       12032.4         52023       51434.5       18831.3       6937.18       8589.73       18185.2       22383.3       13916.7        8164.9       7487.51       9651.77       12386.1       12151.9       7932.93       4151.16       2293.27       1558.92       1415.47       1682.76       2002.74       1340.42       416.627       114.622       51.8038       49.2571         84.36       152.478  5.06634e-005  9.22672e-005   0.000798529     0.0160599     0.0607112      0.042515     0.0105772    0.00306066    0.00311612     0.0044715   -0.00219559   -0.00920881   -0.00950673    -0.0111435    -0.0154335    -0.0187779    -0.0158008   -0.00842513   -0.00361076   -0.00166204  -0.000954788  -0.000740549   -0.00075973  -0.000789206   -0.00046738  -0.000130503 -3.27331e-005 -1.36792e-005 -1.21854e-005 -1.97796e-005 -2.93248e-005      -1.30655             0
      27.8077       51.5747       452.488       9182.54       39923.1       39796.3       14743.1       5519.99       6980.87       15166.8       19234.2       12370.2       7487.51       7148.34       9492.31       12585.9       12701.7       8501.67       4545.13       2556.39       1763.57       1620.46       1944.79       2331.94       1569.88       490.159       135.323       61.3243       58.4297       100.227       182.068  3.60267e-005  6.59812e-005   0.000574301     0.0116226     0.0453836     0.0345749    0.00966368    0.00306266    0.00340007    0.00584775    0.00166479   -0.00511718   -0.00660683   -0.00858253    -0.0128091     -0.016586    -0.0147517   -0.00829945   -0.00375854   -0.00183044   -0.00111259  -0.000912306  -0.000988028   -0.00108112  -0.000672296  -0.000196302 -5.12472e-005  -2.2179e-005 -2.03574e-005 -3.38855e-005 -5.53738e-005     -0.470696             0
       30.217       56.1226       493.397       10042.8         43856       44003.4       16459.4       6246.61       8043.01       17870.9       23271.2       15416.6       9651.77       9492.31       13096.8       17901.7       18647.1       12835.7        7034.8        4042.1       2838.94       2647.26       3215.14       3891.92       2639.74       829.031       229.921       104.558       99.8918       171.703       313.978  3.43166e-005  6.31217e-005   0.000552116     0.0112414     0.0448801     0.0360087      0.010779    0.00363095    0.00431061    0.00830506    0.00531714   -0.00285063   -0.00564457   -0.00830597    -0.0133735    -0.0182752    -0.0168718   -0.00975297   -0.00452961   -0.00226358   -0.00141044   -0.00118251   -0.00130503   -0.00145029  -0.000913289  -0.000269396 -7.08968e-005 -3.08757e-005 -2.84768e-005 -4.75745e-005 -7.86447e-005       0.14953             0
      33.5853       62.4464       549.862       11218.5       49158.5       49577.8       18688.2       7171.38       9372.47       21222.3       28268.5       19221.6       12386.1       12585.9       17901.7         25358       27251.5       19355.5       10909.8       6426.86       4611.76       4378.59       5397.29       6612.19       4527.87       1432.77       399.707       182.604       175.071       301.746       556.625   3.1267e-005  5.77033e-005   0.000506836     0.0103779     0.0420453     0.0347875     0.0108603    0.00382477    0.00479378     0.0100221    0.00848278  -0.000418353   -0.00423561   -0.00730479    -0.0126938    -0.0181017    -0.0169412   -0.00970154   -0.00442841   -0.00217553   -0.00133179   -0.00109312   -0.00117514   -0.00126621  -0.000771212  -0.000220006 -5.60471e-005  -2.3677e-005 -2.12452e-005 -3.46409e-005 -5.16455e-005       0.26184             0
      29.2289       54.3918       479.525       9801.31       43063.2       43604.8       16537.5        6402.8       8470.26       19480.8       26444.8       18384.9       12151.9       12701.7       18647.1       27251.5       30321.7       22224.8       12929.4       7834.31       5764.67       5592.82       7020.31       8729.89       6050.59       1933.11       543.395       249.722       240.524       416.033       776.346  2.09879e-005   3.8831e-005   0.000342296    0.00704556     0.0288004     0.0242025     0.0077423    0.00282038    0.00369927    0.00823855    0.00806478    0.00119153   -0.00217873   -0.00461534   -0.00862557    -0.0126181    -0.0115284     -0.006077   -0.00242555  -0.000992398  -0.000469378  -0.000254228  -0.000110307  7.93595e-005   0.000177795  8.82565e-005  3.19085e-005  1.72691e-005  1.86219e-005  3.49357e-005  8.24573e-005      0.673058             0
      17.2962        32.207       284.209       5817.33         25612       26015.1       9914.01       3865.64       5163.94       12027.6       16582.9       11744.1       7932.93       8501.67       12835.7       19355.5       22224.8       16875.5       10124.6       6337.31       4796.43       4772.34       6121.77        7752.3       5453.92       1763.64       500.545       231.778       224.566       390.218       739.206  9.28862e-006  1.72186e-005   0.000152232    0.00314772     0.0129372     0.0109511    0.00355428    0.00132901    0.00180918    0.00423142    0.00452679    0.00113416  -0.000681153   -0.00190489   -0.00381709   -0.00564643   -0.00482735   -0.00203249  -0.000418304   0.000108065   0.000298019   0.000474572     0.0008047    0.00123252   0.000993402   0.000354764   0.000108459  5.31315e-005  5.37322e-005   9.6487e-005    0.00020304      0.184745             0
      8.36033       15.5752       137.542       2818.35       12428.2       12654.5       4840.64       1897.99       2555.09        6011.6       8393.06       6034.92       4151.16       4545.13        7034.8       10909.8       12929.4       10124.6       6309.36       4060.84       3180.58       3253.95       4280.39       5538.76       3967.73       1302.22       374.037       174.857       170.691       298.344       576.245  3.36807e-006  6.25268e-006  5.54069e-005    0.00114967     0.0047449    0.00403881     0.0013255   0.000505648   0.000707918    0.00171633    0.00195045   0.000617735  -0.000141862     -0.000628    -0.0013571    -0.0020228    -0.0015656  -0.000375176    0.00021482   0.000362376   0.000426438    0.00056578   0.000898072    0.00134087    0.00107218   0.000382896   0.000117413  5.77434e-005  5.86226e-005   0.000105625   0.000225259     -0.253267             0
      4.33528       8.07962       71.3891       1464.04       6464.02        6594.1       2529.79       996.233       1349.29          3200       4512.55       3284.65       2293.27       2556.39        4042.1       6426.86       7834.31       6337.31       4060.84       2731.95        2187.1       2320.45       3137.04       4161.55       3045.36       1017.46       296.541       140.268       138.212       243.359       481.812  1.32522e-006  2.46299e-006  2.18617e-005   0.000454765    0.00188383    0.00161291   0.000534657   0.000207075   0.000295795    0.00073574   0.000873448   0.000318982 -1.26552e-005  -0.000215414  -0.000508775  -0.000764359  -0.000515929  3.10548e-005   0.000272547   0.000320385   0.000357276   0.000475722   0.000771591     0.0011836   0.000972767   0.000356361   0.000111742  5.59987e-005  5.77382e-005   0.000105336   0.000234696     -0.147098             0
      2.80347        5.2263       46.1975        948.02       4189.65       4280.16       1645.77       650.291       884.908       2111.79       3001.54       2206.19       1558.92       1763.57       2838.94       4611.76       5764.67       4796.43       3180.58        2187.1       1844.94       1990.92       2791.32       3804.21       2852.45       972.993       288.524       138.414        137.94        245.07       500.302  6.54935e-007  1.21828e-006  1.08267e-005   0.000225618   0.000937624   0.000807447   0.000270026   0.000105783   0.000153283     0.0003883   0.000476169   0.000191494  1.47905e-005 -8.86492e-005  -0.000233095  -0.000352311  -0.000193861   0.000118712   0.000248338   0.000274027   0.000310441   0.000429234   0.000728413    0.00117128    0.00100787   0.000385263   0.000125443  6.49222e-005   6.8754e-005   0.000128188   0.000308535     -0.210882             0
      2.44801       4.56463       40.3617       828.667       3664.84       3748.17       1443.72       571.938       781.129       1873.18       2678.81       1984.13       1415.47       1620.46       2647.26       4378.59       5592.82       4772.34       3253.95       2320.45       1990.92       2266.46       3238.26       4563.52       3512.72       1226.34       370.853       180.818       182.584       327.816       694.076  4.38143e-007  8.15549e-007  7.25418e-006   0.000151364   0.000630733   0.000545977   0.000183937  7.26795e-005   0.000106409   0.000273161   0.000343201   0.000147717  2.28879e-005 -4.72438e-005   -0.00014166  -0.000214413   -8.357e-005   0.000155929    0.00025432   0.000279778   0.000328738   0.000478666   0.000862778    0.00148021    0.00135919   0.000552236   0.000189805   0.000102851   0.000113117   0.000217406    0.00058137     -0.514606             0
      2.82331       5.26529       46.5686       956.456       4232.34       4332.25       1670.92       663.265       908.407       2186.56       3141.93       2341.12       1682.76       1944.79       3215.14       5397.29       7020.31       6121.77       4280.39       3137.04       2791.32       3238.26       4839.77        6983.5       5538.72       1981.27       612.013       303.763       311.249       565.467       1248.55  3.87021e-007  7.20753e-007  6.41525e-006   0.000133985   0.000559522   0.000486412   0.000164841  6.55582e-005  9.67154e-005   0.000250724   0.000320798   0.000144963  3.02394e-005 -3.18438e-005  -0.000112385  -0.000169294 -3.15591e-005   0.000208182   0.000309811   0.000346764    0.00042584   0.000658422    0.00127632    0.00237187    0.00235797    0.00103012   0.000376785   0.000214902   0.000246266    0.00048889    0.00145705     -0.638921             0
      3.28233       6.12211       54.1568       1112.62       4925.45          5045        1947.8       774.355       1062.84       2565.66       3700.27       2769.97       2002.74       2331.94       3891.92       6612.19       8729.89        7752.3       5538.76       4161.55       3804.21       4563.52        6983.5       10444.6          8486       3119.26       984.414       497.925       518.338       954.034       2210.27  3.44116e-007  6.41093e-007  5.70907e-006    0.00011932    0.00049912   0.000435375   0.000148226  5.92404e-005   8.7893e-005   0.000229532   0.000297727   0.000139367  3.43518e-005  -2.0642e-005 -8.94646e-005  -0.000133271  8.22835e-006   0.000246676   0.000353359   0.000405244   0.000521252   0.000859679    0.00180499    0.00365579     0.0039444    0.00185065   0.000718076   0.000429465   0.000510978     0.0010447    0.00343724      0.799937             0
      2.15759       4.02467       35.6076       731.697       3240.18       3320.46       1282.98       510.648       702.047       1698.46       2456.51        1845.5       1340.42       1569.88       2639.74       4527.87       6050.59       5453.92       3967.73       3045.36       2852.45       3512.72       5538.72          8486       7116.06       2663.98       865.092       445.216       471.406       880.162       2157.15  1.72846e-007  3.22109e-007  2.86952e-006  6.00042e-005   0.000251335   0.000219838  7.51184e-005  3.01335e-005  4.48962e-005   0.000117887   0.000154504  7.42468e-005  2.03643e-005 -7.05423e-006 -4.02021e-005 -5.88739e-005  2.09971e-005   0.000152828   0.000215451   0.000253424   0.000341013   0.000599952    0.00136361    0.00299728    0.00348275    0.00173951   0.000710328   0.000442706   0.000544419    0.00114273    0.00412455       1.73564             0
      0.66141       1.23385       10.9175       224.379       993.861       1018.87       393.909       156.922       216.012       523.477       758.757       571.603       416.627       490.159       829.031       1432.77       1933.11       1763.64       1302.22       1017.46       972.993       1226.34       1981.27       3119.26       2663.98        1041.9       331.645       181.051       192.979       366.064       959.956    4.049e-008  7.54721e-008  6.72527e-007  1.40682e-005  5.89916e-005  5.17218e-005  1.77267e-005   7.1308e-006  1.06561e-005  2.80911e-005  3.71101e-005  1.81994e-005  5.38191e-006 -9.74128e-007 -8.40246e-006 -1.20261e-005  8.50678e-006   4.1906e-005  5.86767e-005  7.06448e-005  9.90889e-005   0.000185187   0.000452446    0.00106795    0.00132095   0.000695249   0.000296516   0.000191578   0.000242705   0.000521998    0.00206469    -0.0548095             0
     0.180052      0.335902       2.97241       61.0974       270.674       277.564       107.358       42.7977       58.9698        143.09       207.747       156.834       114.622       135.323       229.921       399.707       543.395       500.545       374.037       296.541       288.524       370.853       612.013       984.414       865.092       331.645       127.166       53.3663       69.8601       130.855       372.748  8.41807e-009  1.56936e-008  1.39872e-007  2.92666e-006  1.22833e-005   1.0791e-005  3.70751e-006   1.4945e-006  2.23814e-006  5.91711e-006  7.86464e-006  3.91797e-006  1.22334e-006  -8.3152e-008 -1.56212e-006 -2.17333e-006  2.42181e-006  9.81796e-006  1.37135e-005  1.68496e-005  2.45156e-005  4.83345e-005   0.000125638   0.000314559   0.000409459   0.000225081  9.96356e-005  6.64681e-005   8.6542e-005    0.00019048   0.000827353     -0.769259             0
    0.0807206      0.150598       1.33273       27.3966        121.39       124.507       48.1742       19.2142       26.4941       64.3511       93.5471       70.7353       51.8038       61.3243       104.558       182.604       249.722       231.778       174.857       140.268       138.414       180.818       303.763       497.925       445.216       181.051       53.3663       46.2871       29.6615       76.7657       235.341  2.88019e-009  5.37017e-009  4.78695e-008  1.00179e-006  4.20758e-006  3.70253e-006  1.27461e-006  5.14602e-007  7.71843e-007  2.04485e-006  2.73062e-006  1.37697e-006  4.47551e-007  5.51571e-009 -4.80471e-007 -6.46795e-007   1.0192e-006   3.6796e-006  5.13697e-006  6.42054e-006  9.63788e-006  1.98838e-005   5.4389e-005   0.000142781   0.000193673   0.000110367   5.0445e-005   3.4627e-005  4.62374e-005   0.000104034    0.00049856     -0.835107             0
    0.0762813       0.14232       1.25953       25.8938       114.743       117.709       45.5559       18.1771        25.078        60.957       88.6986       67.1516       49.2571       58.4297       99.8918       175.071       240.524       224.566       170.691       138.212        137.94       182.584       311.249       518.338       471.406       192.979       69.8601       29.6615       55.9127       78.9838       312.077  2.07574e-009  3.87062e-009  3.45061e-008  7.22215e-007  3.03514e-006  2.67447e-006  9.22164e-007  3.72745e-007  5.59687e-007  1.48504e-006  1.99021e-006  1.01316e-006  3.39407e-007    2.415e-008 -3.13484e-007 -4.06819e-007  8.49527e-007  2.84332e-006  3.97033e-006  5.03214e-006  7.75156e-006  1.65996e-005  4.73003e-005   0.000128917   0.000180737   0.000106105  4.98419e-005  3.50878e-005  4.79481e-005   0.000110159    0.00058724     -0.810301             0
     0.130032       0.24261       2.14718       44.1446       195.634       200.716       77.6967       31.0107        42.802       104.098       151.584       114.868         84.36       100.227       171.703       301.746       416.033       390.218       298.344       243.359        245.07       327.816       565.467       954.034       880.162       366.064       130.855       76.7657       78.9838       189.324       724.435   2.6951e-009  5.02591e-009  4.48089e-008  9.37942e-007  3.94348e-006  3.47845e-006  1.20082e-006  4.85813e-007  7.30072e-007  1.93938e-006  2.60617e-006  1.33615e-006  4.57526e-007   5.1635e-008  -3.7377e-007 -4.67345e-007  1.22227e-006  3.89238e-006  5.44008e-006  6.97387e-006  1.09713e-005  2.42109e-005  7.12514e-005   0.000199994    0.00028786   0.000173162  8.32432e-005  5.99062e-005  8.35901e-005   0.000195854    0.00117563       1.04308             0
     0.231567      0.432085       3.82452       78.6431        348.61       357.807       138.592       55.3678       76.5227       186.444       272.125       206.825       152.478       182.068       313.978       556.625       776.346       739.206       576.245       481.812       500.302       694.076       1248.55       2210.27       2157.15       959.956       372.748       235.341       312.077       724.435       11485.5             0             0             0             0             0             0             0             0             0             0             0             0             0             0             0             0             0             0             0             0             0             0             0             0             0             0             0             0             0             0             0     0.0903637             0
  1.0152e-006  2.02345e-006  1.56775e-005   0.000243667    0.00175933    0.00243698   0.000776455   0.000192749   0.000149861   0.000204326   0.000194789   0.000105242  5.06634e-005  3.60267e-005  3.43166e-005   3.1267e-005  2.09879e-005  9.28862e-006  3.36807e-006  1.32522e-006  6.54935e-007  4.38143e-007  3.87021e-007  3.44116e-007  1.72846e-007    4.049e-008  8.41807e-009  2.88019e-009  2.07574e-009   2.6951e-009             0  4.09525e-005 -8.17655e-006  8.29311e-008  1.24611e-006  3.85451e-006  2.62058e-006  6.36525e-007   1.5075e-007  1.16819e-007  1.51966e-007  1.13975e-007  4.33159e-008  1.56881e-008  9.10151e-009   7.5675e-009  6.42675e-009  4.26786e-009  1.92453e-009  7.08112e-010  2.79298e-010  1.37302e-010  9.11033e-011  7.98133e-011  7.04662e-011  3.51691e-011  8.18449e-012  1.69121e-012   5.7547e-013  4.12728e-013  5.33922e-013             0             0  -0.000291283
 1.37724e-006  2.86801e-006  2.30958e-005    0.00037184    0.00279275    0.00399045    0.00130394    0.00033057   0.000261531   0.000361707   0.000348887   0.000190273  9.22672e-005  6.59812e-005  6.31217e-005  5.77033e-005   3.8831e-005  1.72186e-005  6.25268e-006  2.46299e-006  1.21828e-006  8.15549e-007  7.20753e-007  6.41093e-007  3.22109e-007  7.54721e-008  1.56936e-008  5.37017e-009  3.87062e-009  5.02591e-009             0 -8.17655e-006  1.63965e-005 -8.05758e-006  2.03833e-006  6.50224e-006  4.54553e-006  1.13113e-006  2.73424e-007  2.15513e-007  2.84269e-007  2.15593e-007  8.26618e-008  3.01456e-008  1.75828e-008  1.46797e-008  1.25065e-008  8.32568e-009  3.76143e-009  1.38599e-009  5.47272e-010  2.69261e-010  1.78776e-010  1.56697e-010  1.38396e-010  6.90918e-011  1.60823e-011  3.32371e-012   1.1311e-012  8.11301e-013  1.04961e-012             0             0  -0.000173713
 1.12655e-005  2.28054e-005   0.000186055    0.00309471     0.0218066     0.0309499     0.0103308    0.00268699    0.00217521    0.00306266     0.0029829    0.00163664   0.000798529   0.000574301   0.000552116   0.000506836   0.000342296   0.000152232  5.54069e-005  2.18617e-005  1.08267e-005  7.25418e-006  6.41525e-006  5.70907e-006  2.86952e-006  6.72527e-007  1.39872e-007  4.78695e-008  3.45061e-008  4.48089e-008             0  8.29311e-008 -8.05758e-006  1.73273e-005  7.10224e-006  5.05276e-005  3.65118e-005  9.36139e-006  2.32272e-006  1.87196e-006  2.51538e-006  1.93682e-006  7.51699e-007   2.7679e-007  1.62666e-007  1.36609e-007  1.16917e-007  7.81069e-008  3.53836e-008  1.30651e-008  5.16711e-009  2.54534e-009  1.69154e-009  1.48367e-009   1.3111e-009  6.54808e-010  1.52465e-010  3.15171e-011  1.07276e-011  7.69559e-012  9.95704e-012             0             0   -0.00017216
  0.000245917   0.000472705    0.00386066     0.0662571      0.408744      0.554199      0.188022     0.0504555     0.0420954     0.0606431     0.0595359     0.0327456     0.0160599     0.0116226     0.0112414     0.0103779    0.00704556    0.00314772    0.00114967   0.000454765   0.000225618   0.000151364   0.000133985    0.00011932  6.00042e-005  1.40682e-005  2.92666e-006  1.00179e-006  7.22215e-007  9.37942e-007             0  1.24611e-006  2.03833e-006  7.10224e-006   0.000272217    0.00087083   0.000659974   0.000175416  4.49659e-005  3.72928e-005  5.13534e-005  4.03573e-005  1.59267e-005  5.94369e-006   3.5304e-006  2.98975e-006  2.57551e-006  1.72932e-006  7.86477e-007  2.91275e-007  1.15462e-007  5.69775e-008  3.79161e-008  3.32909e-008  2.94416e-008  1.47129e-008  3.42729e-009  7.08722e-010  2.41293e-010  1.73129e-010   2.2404e-010             0             0    0.00244418
-6.78557e-005    8.194e-005    0.00157174      0.033119      0.672816       1.32153      0.505119       0.14343        0.1249      0.188534      0.199347      0.117912     0.0607112     0.0453836     0.0448801     0.0420453     0.0288004     0.0129372     0.0047449    0.00188383   0.000937624   0.000630733   0.000559522    0.00049912   0.000251335  5.89916e-005  1.22833e-005  4.20758e-006  3.03514e-006  3.94348e-006             0  3.85451e-006  6.50224e-006  5.05276e-005    0.00087083    0.00316613    0.00246143   0.000684633   0.000182526   0.000156869   0.000222892    0.00017993  7.26104e-005  2.75908e-005  1.66244e-005  1.42375e-005   1.2373e-005  8.36511e-006  3.82487e-006  1.42245e-006  5.65658e-007  2.79813e-007  1.86547e-007   1.6402e-007   1.4521e-007  7.26245e-008  1.69278e-008  3.50208e-009  1.19274e-009  8.56024e-010  1.10797e-009             0             0    0.00203316
  -0.00118548   -0.00194455    -0.0150409     -0.267473     -0.662048    -0.0282993     0.0903122     0.0330203     0.0321994     0.0583244     0.0901313     0.0711651      0.042515     0.0345749     0.0360087     0.0347875     0.0242025     0.0109511    0.00403881    0.00161291   0.000807447   0.000545977   0.000486412   0.000435375   0.000219838  5.17218e-005   1.0791e-005  3.70253e-006  2.67447e-006  3.47845e-006             0  2.62058e-006  4.54553e-006  3.65118e-005   0.000659974    0.00246143     0.0020458   0.000581788    0.00016469   0.000147781   0.000218357   0.000182442  7.58091e-005  2.95055e-005  1.81227e-005  1.57575e-005  1.38576e-005  9.45677e-006  4.35586e-006  1.62916e-006  6.50693e-007  3.22951e-007  2.15852e-007  1.90153e-007  1.68592e-007  8.44128e-008   1.9692e-008  4.07653e-009  1.38905e-009  9.97275e-010  1.29114e-009             0             0   -0.00176425
 -0.000403299  -0.000697324   -0.00565583     -0.104796     -0.349639     -0.201859    -0.0392665   -0.00888056   -0.00689369   -0.00659335    0.00715637     0.0138827     0.0105772    0.00966368      0.010779     0.0108603     0.0077423    0.00355428     0.0013255   0.000534657   0.000270026   0.000183937   0.000164841   0.000148226  7.51184e-005  1.77267e-005  3.70751e-006  1.27461e-006  9.22164e-007  1.20082e-006             0  6.36525e-007  1.13113e-006  9.36139e-006   0.000175416   0.000684633   0.000581788    0.00019682  4.48433e-005  5.00337e-005  7.74716e-005  6.75154e-005  2.91015e-005  1.16809e-005  7.35792e-006  6.52876e-006  5.83477e-006  4.03265e-006  1.87604e-006  7.07123e-007   2.8412e-007  1.41663e-007   9.5017e-008  8.39295e-008  7.45657e-008  3.73927e-008  8.73339e-009  1.80957e-009   6.1702e-010  4.43221e-010  5.74052e-010             0             0   -0.00220586
-7.45103e-005  -0.000133182   -0.00111377    -0.0212582    -0.0825287    -0.0647985    -0.0169725   -0.00431121    -0.0034816   -0.00402317   0.000151523    0.00336142    0.00306066    0.00306266    0.00363095    0.00382477    0.00282038    0.00132901   0.000505648   0.000207075   0.000105783  7.26795e-005  6.55582e-005  5.92404e-005  3.01335e-005   7.1308e-006   1.4945e-006  5.14602e-007  3.72745e-007  4.85813e-007             0   1.5075e-007  2.73424e-007  2.32272e-006  4.49659e-005   0.000182526    0.00016469  4.48433e-005  3.28384e-005  8.21937e-006   2.6785e-005  2.45073e-005  1.10306e-005   4.5955e-006  2.98642e-006  2.71841e-006  2.47989e-006  1.74217e-006  8.20961e-007  3.12561e-007  1.26569e-007  6.34883e-008   4.2781e-008  3.79233e-008  3.37839e-008  1.69768e-008  3.97136e-009  8.23861e-010  2.81175e-010  2.02116e-010  2.61916e-010             0             0  -0.000520955
-2.63063e-005 -4.97918e-005  -0.000429964   -0.00831535     -0.045259    -0.0548359    -0.0180012    -0.0047027   -0.00358054   -0.00383128  -0.000145548    0.00303806    0.00311612    0.00340007    0.00431061    0.00479378    0.00369927    0.00180918   0.000707918   0.000295795   0.000153283   0.000106409  9.67154e-005   8.7893e-005  4.48962e-005  1.06561e-005  2.23814e-006  7.71843e-007  5.59687e-007  7.30072e-007             0  1.16819e-007  2.15513e-007  1.87196e-006  3.72928e-005   0.000156869   0.000147781  5.00337e-005  8.21937e-006  3.36957e-005  2.17247e-005  2.88705e-005  1.36413e-005  5.93136e-006  3.99789e-006  3.75156e-006  3.50855e-006  2.51459e-006  1.20391e-006  4.64122e-007  1.89785e-007  9.59216e-008  6.50147e-008  5.78918e-008  5.17506e-008  2.60739e-008   6.1117e-009  1.26982e-009  4.33882e-010  3.12164e-010  4.04796e-010             0             0   0.000549982
 9.66935e-006  1.15612e-005  8.51109e-005    0.00207835    -0.0306752    -0.0879367    -0.0362699   -0.00993714   -0.00743068   -0.00789704   -0.00303917    0.00283022     0.0044715    0.00584775    0.00830506     0.0100221    0.00823855    0.00423142    0.00171633    0.00073574     0.0003883   0.000273161   0.000250724   0.000229532   0.000117887  2.80911e-005  5.91711e-006  2.04485e-006  1.48504e-006  1.93938e-006             0  1.51966e-007  2.84269e-007  2.51538e-006  5.13534e-005   0.000222892   0.000218357  7.74716e-005   2.6785e-005  2.17247e-005   7.1102e-005  4.76593e-005  2.78023e-005  1.26723e-005  8.90097e-006  8.65087e-006  8.33026e-006  6.11445e-006  2.98417e-006  1.16814e-006  4.83439e-007  2.46644e-007  1.68394e-007  1.50789e-007  1.35376e-007  6.84335e-008  1.60814e-008  3.34766e-009  1.14554e-009  8.25101e-010  1.07086e-009             0             0    0.00290258
 1.28627e-005   1.4521e-005  9.63036e-005    0.00226874    -0.0485006      -0.14087    -0.0630601    -0.0196465    -0.0179167    -0.0268476    -0.0256843    -0.0109918   -0.00219559    0.00166479    0.00531714    0.00848278    0.00806478    0.00452679    0.00195045   0.000873448   0.000476169   0.000343201   0.000320798   0.000297727   0.000154504  3.71101e-005  7.86464e-006  2.73062e-006  1.99021e-006  2.60617e-006             0  1.13975e-007  2.15593e-007  1.93682e-006  4.03573e-005    0.00017993   0.000182442  6.75154e-005  2.45073e-005  2.88705e-005  4.76593e-005  7.66546e-005  2.34861e-005  1.51829e-005  1.11583e-005  1.12819e-005  1.12351e-005  8.48079e-006  4.23508e-006  1.68874e-006  7.09258e-007  3.66072e-007  2.52203e-007  2.27426e-007  2.05288e-007  1.04207e-007  2.45661e-008  5.12641e-009  1.75747e-009  1.26765e-009    1.647e-009             0             0     0.0034106
-4.45758e-006 -1.47277e-005  -0.000157905   -0.00324579    -0.0525671     -0.116551    -0.0530373    -0.0180989    -0.0188401    -0.0331626    -0.0373339    -0.0208905   -0.00920881   -0.00511718   -0.00285063  -0.000418353    0.00119153    0.00113416   0.000617735   0.000318982   0.000191494   0.000147717   0.000144963   0.000139367  7.42468e-005  1.81994e-005  3.91797e-006  1.37697e-006  1.01316e-006  1.33615e-006             0  4.33159e-008  8.26618e-008  7.51699e-007  1.59267e-005  7.26104e-005  7.58091e-005  2.91015e-005  1.10306e-005  1.36413e-005  2.78023e-005  2.34861e-005   3.3949e-005  6.85439e-007  6.84694e-006  7.23274e-006  7.48413e-006  5.83723e-006  2.99583e-006  1.22175e-006  5.22526e-007  2.73622e-007   1.9067e-007  1.73476e-007  1.57674e-007  8.04653e-008   1.9047e-008  3.98717e-009  1.37019e-009  9.90122e-010  1.28821e-009             0             0   0.000759303
-3.32264e-006 -9.83585e-006  -0.000104348   -0.00220549    -0.0316509    -0.0698989    -0.0328662    -0.0117855    -0.0130506    -0.0246802    -0.0301096    -0.0186669   -0.00950673   -0.00660683   -0.00564457   -0.00423561   -0.00217873  -0.000681153  -0.000141862 -1.26552e-005  1.47905e-005  2.28879e-005  3.02394e-005  3.43518e-005  2.03643e-005  5.38191e-006  1.22334e-006  4.47551e-007  3.39407e-007  4.57526e-007             0  1.56881e-008  3.01456e-008   2.7679e-007  5.94369e-006  2.75908e-005  2.95055e-005  1.16809e-005   4.5955e-006  5.93136e-006  1.26723e-005  1.51829e-005  6.85439e-007   2.1101e-005 -4.35443e-006  4.24806e-006  4.58963e-006  3.71833e-006  1.97166e-006  8.26411e-007  3.61504e-007  1.92785e-007  1.36306e-007  1.25443e-007  1.15043e-007  5.91188e-008  1.40693e-008  2.95737e-009  1.01952e-009  7.38503e-010  9.62613e-010             0             0  -0.000664497
