IGOR
WAVES/D/O/N=(64, 64)	Hess
BEGIN
      120.952       237.794       2045.46       5865.29       6374.94       3894.07       1581.34       928.324       1005.86       1022.91       670.986       390.685       303.179       294.778       256.113       166.935       81.4927       32.5447       12.5518       5.71192       3.70501       3.79298        5.7231       9.06083        8.0464       3.04739      0.890528      0.376051      0.325458      0.614606       1.96284  -0.000201781   -0.00478832    -0.0241605   -0.00503854     0.0445542     0.0321662    0.00885814    0.00182498    -0.0001544  -0.000998206  -0.000857052  -0.000614607  -0.000622497  -0.000769918  -0.000800549  -0.000581379  -0.000294663  -0.000117472 -4.51018e-005 -2.06069e-005  -1.3501e-005 -1.39941e-005 -2.14053e-005 -3.44528e-005 -3.12668e-005 -1.21046e-005 -3.59372e-006 -1.53314e-006 -1.33562e-006 -2.53315e-006 -8.18254e-006       -5.9776             0
      237.794       680.072       5192.03       14645.1       15755.4       9707.89       4018.66       2409.85        2651.1       2721.78       1796.93       1051.87       820.438       801.418       699.025       456.941       223.447        89.317       34.4704       15.6958       10.1866       10.4335       15.7495       24.9449        22.162        8.3969       2.45456       1.03673      0.897382       1.69482        5.4142    0.00311372   -0.00336776   -0.00777083      0.091121      0.181288      0.105333     0.0263429    0.00345268   -0.00531289    -0.0106926   -0.00920638   -0.00645649    -0.0059058   -0.00658946   -0.00636411   -0.00445315   -0.00225488  -0.000914848  -0.000356641   -0.00016408  -0.000107594  -0.000111262  -0.000169436  -0.000270774  -0.000243041  -9.3001e-005 -2.73836e-005 -1.16221e-005 -1.00925e-005 -1.91029e-005 -6.13967e-005     -0.317344             0
      2045.46       5192.03       42060.6        120885        132753       82719.8       34407.3       20694.1       22861.6       23582.8       15637.1        9185.3       7182.53       7028.99       6139.48       4017.82       1966.72       786.825       303.867       138.431       89.8741       92.0761       139.015       220.206       195.651       74.1314       21.6704       9.15311       7.92299       14.9638        47.806      0.013094    -0.0415753      -0.17627      0.427098       1.23607      0.790955      0.211439     0.0345047    -0.0305283     -0.069395    -0.0608992    -0.0434594    -0.0407596    -0.0465833    -0.0458368    -0.0324453     -0.016498    -0.0066941   -0.00260901   -0.00120109  -0.000788571  -0.000816623   -0.00124551   -0.00199405   -0.00179402  -0.000688109  -0.000202956 -8.62333e-005 -7.49375e-005  -0.000141907  -0.000456662       6.48672             0
      5865.29       14645.1        120885        359575        407718        258378        107994       65000.3       72072.8       74786.2         49888       29445.3       23097.9       22649.4         19810       12979.5       6361.91       2548.63       985.311       449.206       291.782       299.028       451.557       715.345       635.552       240.785       70.3827       29.7272       25.7318       48.5985       155.265    -0.0161957     -0.205528      -1.17708     -0.579765       2.09585       1.78968      0.551508      0.129043    0.00451186     -0.049098    -0.0435111    -0.0329366    -0.0372415     -0.050541    -0.0559183    -0.0420602    -0.0215878   -0.00860895   -0.00330237   -0.00151154  -0.000994013   -0.00103493   -0.00159067   -0.00257476   -0.00235355  -0.000917621  -0.000273803  -0.000117185    -0.0001023  -0.000194288  -0.000629856       0.85814             0
      6374.94       15755.4        132753        407718        478601        310297        131266       79588.2       89110.2       93538.7       63097.3       37586.3       29682.8         29246       25670.1       16868.3       8291.18       3330.03       1290.01       588.978       382.963       392.754       593.381       940.286        835.47       316.519       92.5193       39.0776       33.8265       63.8889       204.143    -0.0594999     -0.286462      -1.84525      -2.42158      0.603612       1.31141      0.504108      0.163148      0.111673      0.141867      0.136497     0.0993732     0.0809742     0.0746603     0.0590523     0.0362716     0.0184337    0.00808829    0.00335947    0.00159136     0.0010499    0.00107879    0.00161876    0.00252025    0.00216624   0.000789347    0.00022404  9.28494e-005  7.94221e-005   0.000148881   0.000466926     -0.595481             0
      3894.07       9707.89       82719.8        258378        310297        205605         88502       54517.8         62059       66251.9       45400.7       27414.6       21888.6       21753.6       19224.3       12702.6       6272.85       2529.23        982.79       449.742       292.929       300.799       454.877        721.28        641.14        242.96       71.0322       30.0072       25.9786       49.0718       156.857    -0.0405159     -0.171398      -1.16467      -1.83974     -0.135263      0.567933      0.263469     0.0983566     0.0942408      0.149274      0.152409      0.116594      0.102337      0.103509     0.0903613     0.0598066     0.0309123      0.013324    0.00545566    0.00257618    0.00170609    0.00176553    0.00267386    0.00421714    0.00369581    0.00137629   0.000397223   0.000166473   0.000143438   0.000270173   0.000858041       1.79974             0
      1581.34       4018.66       34407.3        107994        131266         88502       38885.9       24435.3       28435.2       30988.5       21648.9       13300.5       10779.6       10848.5       9686.75       6454.33       3208.67        1300.6       507.475       232.976       152.118       156.501       237.008       376.226       334.702       126.915       37.1227        15.688       13.5856       25.6678       82.1018    -0.0129393    -0.0572942     -0.398995      -0.64563    -0.0437878       0.21931      0.103612      0.036871     0.0325143      0.055622     0.0620514     0.0500529      0.045046     0.0459389     0.0400861     0.0265847     0.0139401    0.00613127    0.00255027    0.00121596   0.000809738   0.000840423    0.00127421    0.00200787     0.0017536   0.000650051   0.000186968  7.81873e-005  6.72822e-005   0.000126632   0.000401493      -1.52869             0
      928.324       2409.85       20694.1       65000.3       79588.2       54517.8       24435.3       15778.3       18798.4       21025.1       15040.1        9446.7        7810.9       7999.58       7249.37       4888.98       2453.63       1001.88       393.176       181.323       118.815       122.578       186.035       295.813       263.523       100.033       29.2837       12.3829       10.7283       20.2764       64.9259   -0.00477056     -0.024578     -0.172356     -0.258358     0.0446265      0.152695     0.0669921     0.0214577     0.0120438      0.018821     0.0243231     0.0209853     0.0185159      0.017388     0.0133866    0.00801978    0.00427997    0.00204859   0.000907153   0.000445669   0.000299669   0.000310614   0.000466708   0.000721314   0.000607861   0.000215714  5.99261e-005  2.44805e-005  2.07491e-005  3.86694e-005   0.000119539      -2.67106             0
      1005.86        2651.1       22861.6       72072.8       89110.2         62059       28435.2       18798.4       23120.1       26588.6         19603       12662.8       10745.4       11261.4         10409       7135.94        3628.8       1497.24       592.426       274.992       181.112       187.589       285.578       455.184       406.262       154.444        45.263        19.156       16.6071       31.4022       100.703    -0.0033839    -0.0197992     -0.140019     -0.196872     0.0827966      0.171794     0.0749777     0.0235797    0.00890211     0.0109886     0.0179916     0.0169789     0.0142264     0.0108293    0.00493946   0.000955173   0.000549635   0.000608927    0.00037858   0.000209417   0.000144612   0.000147225   0.000210088   0.000291594    0.00019499  4.65122e-005  7.68326e-006  1.64347e-006  5.48829e-007  -2.0311e-008 -8.61911e-006      0.862567             0
      1022.91       2721.78       23582.8       74786.2       93538.7       66251.9       30988.5       21025.1       26588.6       31664.8       24115.2       16120.7       14112.7       15212.9       14410.4       10086.3       5217.85       2183.05       873.456        409.02       271.241       282.445       431.757        690.36       617.655       235.242       69.0405       29.2507       25.3794       48.0198       154.299   -0.00273721    -0.0161477      -0.11637     -0.169359     0.0670175      0.151655     0.0691232     0.0219299    0.00688038    0.00890942     0.0186567     0.0194839     0.0171673     0.0131989     0.0054393   0.000297486   0.000290719   0.000733974    0.00051894    0.00030023   0.000211694   0.000217692    0.00031134   0.000428209   0.000275943  5.94088e-005  7.56836e-006  5.36137e-007 -9.89468e-007 -3.62858e-006 -2.58672e-005       1.99171             0
      670.986       1796.93       15637.1         49888       63097.3       45400.7       21648.9       15040.1         19603       24115.2       19097.8       13218.6       12007.6       13371.2       13039.4       9359.23       4946.13       2106.34       854.948       404.949        270.96       284.127       436.675       701.105       629.222       240.211       70.6259        29.964        26.026       49.2834        158.77   -0.00162646    -0.0089409     -0.066039     -0.105964     0.0184512     0.0744504     0.0362182     0.0110137     0.0022014    0.00511861     0.0145993     0.0170755     0.0169833     0.0157812     0.0102304    0.00478434    0.00299377    0.00200822     0.0010872   0.000590934   0.000417596   0.000442359   0.000665705    0.00100458   0.000792735   0.000255005  6.46664e-005  2.46615e-005  1.99231e-005  3.59383e-005    0.00010154      0.251555             0
      390.685       1051.87        9185.3       29445.3       37586.3       27414.6       13300.5        9446.7       12662.8       16120.7       13218.6       9554.84       8982.55       10392.4       10474.7       7744.02       4198.87       1827.37       755.111        362.86       245.595       259.856       402.176       649.198       585.015       224.026       66.0239       28.0628        24.409       46.2714        149.58  -0.000850316   -0.00437845    -0.0330414    -0.0577647   -0.00118848     0.0299403     0.0155864    0.00408862  -0.000672613    0.00142885    0.00868176     0.0116935     0.0129421     0.0136213     0.0106215    0.00634699    0.00410584    0.00253226    0.00132876    0.00072387   0.000519379    0.00056118   0.000864024    0.00134408    0.00111337   0.000382154   0.000103029  4.12251e-005  3.44871e-005  6.37604e-005   0.000193511      -1.33761             0
      303.179       820.438       7182.53       23097.9       29682.8       21888.6       10779.6        7810.9       10745.4       14112.7       12007.6       8982.55       8840.49       10584.7       11086.2       8474.69       4734.47       2114.32       892.859       436.776       299.909        320.98       501.271       814.847       738.258       283.881       83.9316       35.7621       31.1644       59.1625       192.132  -0.000537894   -0.00271934    -0.0207887    -0.0377637   -0.00356342     0.0171717    0.00930445    0.00203541   -0.00162475  -0.000489913    0.00557047    0.00887278      0.010628     0.0118068    0.00953315     0.0058909    0.00410863    0.00272595    0.00150238   0.000847108   0.000623519   0.000686877    0.00107314     0.0016871     0.0014069   0.000484751   0.000131038  5.25497e-005   4.4046e-005  8.15669e-005   0.000248999     -0.789979             0
      294.778       801.418       7028.99       22649.4         29246       21753.6       10848.5       7999.58       11261.4       15212.9       13371.2       10392.4       10584.7       13258.4       14391.5       11431.9       6604.57       3038.97       1316.78       658.224       460.063       499.497       789.016       1294.17       1180.79       456.532       135.547       57.9421       50.6185       96.2767       314.558  -0.000384918   -0.00200062    -0.0153653    -0.0277197    -0.0014589     0.0143607    0.00779784    0.00172751   -0.00168964   -0.00131061    0.00408434    0.00759149    0.00954971     0.0105982    0.00787231    0.00422846    0.00338903    0.00274953     0.0016874    0.00100869   0.000768937   0.000865781    0.00136909    0.00215434    0.00176826   0.000591422   0.000155277  6.09024e-005  5.02709e-005  9.21533e-005   0.000273867      0.466948             0
      256.113       699.025       6139.48         19810       25670.1       19224.3       9686.75       7249.37         10409       14410.4       13039.4       10474.7       11086.2       14391.5       16324.4       13448.1       8074.32          3841       1714.47       879.149       627.734       693.568       1111.14       1843.11       1696.61       660.536       197.177       84.6378       74.1759       141.427       465.682  -0.000224042   -0.00125245   -0.00959225    -0.0164465     0.0018727     0.0119735    0.00640843    0.00176357  -0.000832905  -0.000891502    0.00296509    0.00577597     0.0073625     0.0077989     0.0045254     0.0010361    0.00138363    0.00195514    0.00145112   0.000943669   0.000751837   0.000866956    0.00138328    0.00215438    0.00169095   0.000521422   0.000125139  4.53803e-005  3.52364e-005  6.17505e-005   0.000159316      0.495446             0
      166.935       456.941       4017.82       12979.5       16868.3       12702.6       6454.33       4888.98       7135.94       10086.3       9359.23       7744.02       8474.69       11431.9       13448.1       11580.8       7199.13       3562.04       1642.22       866.963        634.58       715.755       1166.16       1960.73       1824.41       716.336       215.252       92.8701       81.7116       156.266       519.551 -9.60556e-005   -0.00058438   -0.00445292   -0.00715342    0.00239788    0.00720334    0.00383618    0.00125126  -0.000114398  -0.000194963    0.00185117    0.00346901    0.00445727    0.00460799    0.00205141  -0.000575505  7.96173e-005    0.00107123   0.000987538   0.000698737   0.000582151   0.000688434     0.0011099    0.00171139    0.00127601   0.000351743  7.19665e-005  2.16901e-005  1.39108e-005  2.03079e-005  1.48781e-005      0.256762             0
      81.4927       223.447       1966.72       6361.91       8291.18       6272.85       3208.67       2453.63        3628.8       5217.85       4946.13       4198.87       4734.47       6604.57       8074.32       7199.13       4694.45       2387.34       1149.84       625.189       470.497       543.289       902.505       1541.48       1452.39       575.931       174.411       75.7061        66.923       128.447       432.082 -3.77941e-005  -0.000223768   -0.00171706   -0.00284992   0.000704275    0.00260473    0.00141073   0.000434984  -0.000129923  -0.000190161   0.000704585    0.00148687    0.00203927    0.00226454    0.00116585  -0.000123996   0.000230121   0.000775442   0.000702618   0.000511074   0.000440457   0.000538113   0.000894278    0.00142281    0.00110625   0.000324778  7.22334e-005   2.4036e-005  1.71749e-005  2.79844e-005  5.18598e-005      0.222345             0
      32.5447        89.317       786.825       2548.63       3330.03       2529.23        1300.6       1001.88       1497.24       2183.05       2106.34       1827.37       2114.32       3038.97          3841       3562.04       2387.34       1295.54       622.646       360.352       277.205        328.45       557.561       969.378        926.44       371.542       113.526       49.6262       44.1105       85.0241       290.015 -1.52662e-005 -7.85027e-005  -0.000614969   -0.00116428  -0.000156923   0.000531616   0.000304444  3.63251e-005  -0.000184379  -0.000249072  8.68537e-005   0.000418939   0.000667176   0.000828729   0.000537005    0.00013032     0.0003071   0.000515002   0.000440852    0.00032673   0.000292076   0.000371648   0.000644353    0.00107771   0.000903631   0.000297212  7.56376e-005  2.88084e-005  2.32533e-005  4.19748e-005   0.000119257     0.0986554             0
      12.5518       34.4704       303.867       985.311       1290.01        982.79       507.475       393.176       592.426       873.456       854.948       755.111       892.859       1316.78       1714.47       1642.22       1149.84       622.646        343.29       178.762       155.011       185.278       322.002       570.946       554.461       225.241       69.5364       30.6466       27.4163       53.1116       184.188  -6.0604e-006 -2.73991e-005  -0.000219087  -0.000466275  -0.000205251  3.95842e-005  3.14188e-005 -3.41753e-005  -0.000121905   -0.00016779 -5.19656e-005  7.63126e-005   0.000167373    0.00022993   0.000155797  5.24841e-005    0.00015676   0.000253949   0.000223073   0.000172492   0.000161426   0.000214776   0.000388547   0.000678641   0.000599441   0.000210064  5.69405e-005  2.28913e-005  1.92818e-005  3.59442e-005   0.000113309    -0.0318423             0
      5.71192       15.6958       138.431       449.206       588.978       449.742       232.976       181.323       274.992        409.02       404.949        362.86       436.776       658.224       879.149       866.963       625.189       360.352       178.762       131.873       83.1664       121.388       211.177       382.514       378.134       155.865       48.6915       21.6647       19.5278       38.0544       134.609 -2.68889e-006 -1.11153e-005 -9.02865e-005  -0.000208228  -0.000131633 -3.15073e-005 -1.21134e-005 -2.98807e-005 -7.00065e-005 -9.86691e-005 -5.45894e-005 -6.55633e-007   3.2796e-005  5.00611e-005  1.90831e-005 -1.06284e-005   5.5563e-005   0.000116349   0.000111034  9.11848e-005  8.99787e-005   0.000125616   0.000237388   0.000431615   0.000396539   0.000144571   4.0635e-005  1.68402e-005   1.4532e-005  2.76014e-005   9.2601e-005     -0.249211             0
      3.70501       10.1866       89.8741       291.782       382.963       292.929       152.118       118.815       181.112       271.241        270.96       245.595       299.909       460.063       627.734        634.58       470.497       277.205       155.011       83.1664       97.6348       92.1941       192.345       351.086       353.865       148.251       46.9391       21.1144       19.1992       37.6744       136.445  -1.6314e-006 -6.32479e-006 -5.19958e-005  -0.000126953 -9.65426e-005 -3.94347e-005 -1.82953e-005 -2.45063e-005 -4.97715e-005 -7.15543e-005 -4.87999e-005  -1.8266e-005 -3.20663e-006 -2.38079e-006 -2.68708e-005  -4.0789e-005  1.11851e-005  6.23622e-005  6.82626e-005  6.04181e-005  6.32572e-005  9.30432e-005   0.000184284   0.000349437   0.000333366   0.000125842  3.65254e-005  1.55742e-005  1.37681e-005  2.66735e-005  9.61526e-005     -0.487974             0
      3.79298       10.4335       92.0761       299.028       392.754       300.799       156.501       122.578       187.589       282.445       284.127       259.856        320.98       499.497       693.568       715.755       543.289        328.45       185.278       121.388       92.1941       154.437           246       491.233       502.512       214.287       68.8655       31.3609       28.8022       56.9709       212.116 -1.52544e-006 -5.62837e-006 -4.67203e-005  -0.000119147   -0.00010179 -5.09978e-005 -2.47976e-005 -2.74808e-005 -5.19307e-005 -7.58243e-005  -5.7916e-005 -3.15832e-005 -2.27825e-005 -3.24999e-005 -6.43979e-005 -7.74668e-005  -1.9691e-005  4.22262e-005  5.84339e-005  5.68013e-005  6.35544e-005  9.89686e-005   0.000206457    0.00041049   0.000408926   0.000160908  4.86613e-005   2.1566e-005  1.97257e-005  3.93251e-005   0.000157666     -0.777566             0
       5.7231       15.7495       139.015       451.557       593.381       454.877       237.008       186.035       285.578       431.757       436.675       402.176       501.271       789.016       1111.14       1166.16       902.505       557.561       322.002       211.177       192.345           246       512.392       950.305       1013.81       439.236       143.439       66.2057       61.4808       122.703       471.628  -2.0583e-006  -7.3074e-006 -6.11305e-005  -0.000161219  -0.000149032 -8.32153e-005  -4.1365e-005  -4.1837e-005  -7.5809e-005  -0.000112017 -9.17994e-005 -5.91755e-005 -5.42271e-005 -8.17362e-005  -0.000139323  -0.000160882 -7.38274e-005  2.74526e-005   6.4608e-005  7.12343e-005  8.60206e-005   0.000142649   0.000315378   0.000662732   0.000696556   0.000289689  9.27717e-005  4.34075e-005  4.16251e-005   8.6282e-005   0.000397258     -0.820736             0
      9.06083       24.9449       220.206       715.345       940.286        721.28       376.226       295.813       455.184        690.36       701.105       649.198       814.847       1294.17       1843.11       1960.73       1541.48       969.378       570.946       382.514       351.086       491.233       950.305       1928.19       2040.39       911.506       301.723       141.265       132.761       267.579       1066.46 -2.78565e-006 -9.64649e-006 -8.11217e-005  -0.000218644  -0.000211812  -0.000125121  -6.2917e-005 -6.09164e-005  -0.000108049  -0.000161139  -0.000137757 -9.66834e-005 -9.77037e-005  -0.000152076  -0.000250519  -0.000289783  -0.000163921 -5.29791e-006   6.4664e-005  8.52632e-005   0.000112327   0.000199347   0.000469719    0.00105152    0.00117864   0.000525306   0.000180674  9.02443e-005  9.14015e-005   0.000197892     0.0010538       1.01038             0
       8.0464        22.162       195.651       635.552        835.47        641.14       334.702       263.523       406.262       617.655       629.222       585.015       738.258       1180.79       1696.61       1824.41       1452.39        926.44       554.461       378.134       353.865       502.512       1013.81       2040.39       2265.46       1002.96       345.399       162.742       154.878        315.47       1310.15  -1.9104e-006 -6.59664e-006 -5.55299e-005  -0.000150161  -0.000146467 -8.72576e-005 -4.40493e-005 -4.25582e-005 -7.56008e-005  -0.000113589 -9.86315e-005 -7.11733e-005 -7.45773e-005  -0.000119521   -0.00020031  -0.000238331  -0.000148797 -2.58786e-005  3.40328e-005  5.48462e-005  7.82291e-005   0.000147728   0.000370501   0.000885996    0.00106525   0.000512421   0.000190201   0.000101534   0.000108479   0.000244801    0.00149184       2.48354             0
      3.04739        8.3969       74.1314       240.785       316.519        242.96       126.915       100.033       154.444       235.242       240.211       224.026       283.881       456.532       660.536       716.336       575.931       371.542       225.241       155.865       148.251       214.287       439.236       911.506       1002.96       483.045       148.425       79.9476       74.3157        153.08       666.562 -5.02829e-007 -1.76975e-006 -1.48499e-005 -3.95584e-005 -3.73777e-005 -2.14862e-005 -1.08192e-005 -1.08387e-005 -1.97076e-005 -2.97941e-005 -2.56691e-005 -1.81947e-005 -1.89894e-005 -3.14686e-005 -5.56827e-005 -6.95341e-005 -4.54923e-005   -9.377e-006  9.07724e-006  1.59244e-005  2.36491e-005  4.65967e-005   0.000123172   0.000313471   0.000404248   0.000209774  8.36206e-005  4.73416e-005  5.29465e-005   0.000123747   0.000847789      0.097622             0
     0.890528       2.45456       21.6704       70.3827       92.5193       71.0322       37.1227       29.2837        45.263       69.0405       70.6259       66.0239       83.9316       135.547       197.177       215.252       174.411       113.526       69.5364       48.6915       46.9391       68.8655       143.439       301.723       345.399       148.425       72.9129       15.8038       29.5003       55.5323       255.938 -9.95724e-008 -3.59755e-007 -3.00505e-006 -7.83789e-006 -7.06249e-006  -3.8278e-006 -1.91522e-006 -2.03112e-006  -3.8157e-006 -5.79765e-006 -4.90215e-006 -3.33444e-006 -3.38999e-006 -5.82985e-006 -1.10743e-005 -1.45808e-005 -9.76214e-006 -1.91402e-006  2.19133e-006  3.77299e-006  5.67864e-006  1.15202e-005  3.18396e-005   8.5758e-005   0.000118058  6.55948e-005  2.77636e-005  1.64789e-005  1.91138e-005  4.59576e-005    0.00034895     -0.796367             0
     0.376051       1.03673       9.15311       29.7272       39.0776       30.0072        15.688       12.3829        19.156       29.2507        29.964       28.0628       35.7621       57.9421       84.6378       92.8701       75.7061       49.6262       30.6466       21.6647       21.1144       31.3609       66.2057       141.265       162.742       79.9476       15.8038       30.7127         1.944         31.17       139.926 -2.89666e-008 -1.07213e-007 -8.91868e-007 -2.28097e-006 -1.96034e-006 -9.94924e-007 -4.93719e-007 -5.58107e-007  -1.0837e-006 -1.65314e-006 -1.36872e-006 -8.86488e-007 -8.68028e-007 -1.55169e-006 -3.17402e-006 -4.38643e-006 -2.97325e-006 -5.15189e-007  7.89168e-007  1.30727e-006  1.97965e-006  4.11289e-006   1.1817e-005  3.34454e-005  4.87118e-005  2.86441e-005  1.27169e-005  7.83554e-006  9.36104e-006  2.30531e-005   0.000193202     -0.821427             0
     0.325458      0.897382       7.92299       25.7318       33.8265       25.9786       13.5856       10.7283       16.6071       25.3794        26.026        24.409       31.1644       50.6185       74.1759       81.7116        66.923       44.1105       27.4163       19.5278       19.1992       28.8022       61.4808       132.761       154.878       74.3157       29.5003         1.944       30.6492       17.3804       158.254 -1.77275e-008  -6.6854e-008 -5.54389e-007 -1.39634e-006  -1.1539e-006  -5.5115e-007 -2.71214e-007 -3.25498e-007 -6.50121e-007 -9.94773e-007 -8.08645e-007 -5.00258e-007 -4.70759e-007 -8.73336e-007 -1.90985e-006 -2.74538e-006 -1.87563e-006 -2.84462e-007  5.69325e-007   9.1799e-007  1.39915e-006  2.96922e-006  8.82243e-006  2.60357e-005  3.97199e-005  2.44406e-005  1.12684e-005  7.15614e-006  8.76557e-006  2.20508e-005    0.00020483     -0.910115             0
     0.614606       1.69482       14.9638       48.5985       63.8889       49.0718       25.6678       20.2764       31.4022       48.0198       49.2834       46.2714       59.1625       96.2767       141.427       156.266       128.447       85.0241       53.1116       38.0544       37.6744       56.9709       122.703       267.579        315.47        153.08       55.5323         31.17       17.3804       76.9887       368.651 -2.43114e-008 -9.28056e-008 -7.68056e-007 -1.91537e-006 -1.54112e-006 -7.03673e-007 -3.43993e-007 -4.31967e-007 -8.80099e-007 -1.34973e-006 -1.08362e-006 -6.48467e-007 -5.91631e-007  -1.1309e-006 -2.59778e-006 -3.83767e-006 -2.64058e-006 -3.68447e-007  8.63688e-007  1.37965e-006  2.12157e-006  4.59134e-006  1.40424e-005  4.29001e-005   6.7943e-005  4.33379e-005  2.05922e-005  1.34077e-005  1.67823e-005  4.30463e-005   0.000447629     -0.773295             0
      1.96284        5.4142        47.806       155.265       204.143       156.857       82.1018       64.9259       100.703       154.299        158.77        149.58       192.132       314.558       465.682       519.551       432.082       290.015       184.188       134.609       136.445       212.116       471.628       1066.46       1310.15       666.562       255.938       139.926       158.254       368.651       7546.84             0             0             0             0             0             0             0             0             0             0             0             0             0             0             0             0             0             0             0             0             0             0             0             0             0             0             0             0             0             0             0       1.50417             0
 -0.000201781    0.00311372      0.013094    -0.0161957    -0.0594999    -0.0405159    -0.0129393   -0.00477056    -0.0033839   -0.00273721   -0.00162646  -0.000850316  -0.000537894  -0.000384918  -0.000224042 -9.60556e-005 -3.77941e-005 -1.52662e-005  -6.0604e-006 -2.68889e-006  -1.6314e-006 -1.52544e-006  -2.0583e-006 -2.78565e-006  -1.9104e-006 -5.02829e-007 -9.95724e-008 -2.89666e-008 -1.77275e-008 -2.43114e-008             0  2.74976e-006  7.79717e-007  8.54011e-006  2.10157e-005  1.84564e-005  9.05051e-006  2.98888e-006  1.41772e-006  1.21669e-006  9.67855e-007  4.93082e-007  2.21957e-007   1.3271e-007  9.90696e-008  6.58436e-008  3.27402e-008  1.21933e-008  3.72085e-009  1.09727e-009  3.81782e-010  1.89342e-010  1.48246e-010  1.71116e-010  2.07027e-010  1.39848e-010  4.00651e-011   8.8449e-012  2.82388e-012  1.84985e-012  2.64685e-012             0             0   -0.00109352
  -0.00478832   -0.00336776    -0.0415753     -0.205528     -0.286462     -0.171398    -0.0572942     -0.024578    -0.0197992    -0.0161477    -0.0089409   -0.00437845   -0.00271934   -0.00200062   -0.00125245   -0.00058438  -0.000223768 -7.85027e-005 -2.73991e-005 -1.11153e-005 -6.32479e-006 -5.62837e-006  -7.3074e-006 -9.64649e-006 -6.59664e-006 -1.76975e-006 -3.59755e-007 -1.07213e-007  -6.6854e-008 -9.28056e-008             0  7.79717e-007  3.77696e-006  1.98751e-005  4.77262e-005  4.12263e-005  2.08969e-005  7.31449e-006  3.67662e-006  3.28764e-006  2.68976e-006  1.40048e-006  6.42406e-007  3.90309e-007   2.9496e-007  1.97642e-007  9.88013e-008  3.70141e-008  1.13943e-008  3.39557e-009  1.19429e-009  5.98776e-010  4.74079e-010   5.5341e-010  6.75806e-010  4.57577e-010  1.30405e-010  2.85988e-011   9.0831e-012  5.92914e-012  8.46629e-012             0             0   -0.00192082
   -0.0241605   -0.00777083      -0.17627      -1.17708      -1.84525      -1.16467     -0.398995     -0.172356     -0.140019      -0.11637     -0.066039    -0.0330414    -0.0207887    -0.0153653   -0.00959225   -0.00445292   -0.00171706  -0.000614969  -0.000219087 -9.02865e-005 -5.19958e-005 -4.67203e-005 -6.11305e-005 -8.11217e-005 -5.55299e-005 -1.48499e-005 -3.00505e-006 -8.91868e-007 -5.54389e-007 -7.68056e-007             0  8.54011e-006  1.98751e-005   0.000148529   0.000367949   0.000336525    0.00017583  6.23347e-005  3.16377e-005   2.8665e-005  2.37701e-005  1.25181e-005  5.79252e-006  3.54329e-006  2.69285e-006  1.81344e-006  9.10377e-007  3.41912e-007  1.05292e-007  3.13456e-008  1.10063e-008  5.50643e-009  4.34858e-009  5.06192e-009  6.16692e-009  4.17476e-009  1.19239e-009   2.6217e-010  8.34335e-011  5.45377e-011    7.794e-011             0             0   -0.00067808
  -0.00503854      0.091121      0.427098     -0.579765      -2.42158      -1.83974      -0.64563     -0.258358     -0.196872     -0.169359     -0.105964    -0.0577647    -0.0377637    -0.0277197    -0.0164465   -0.00715342   -0.00284992   -0.00116428  -0.000466275  -0.000208228  -0.000126953  -0.000119147  -0.000161219  -0.000218644  -0.000150161 -3.95584e-005 -7.83789e-006 -2.28097e-006 -1.39634e-006 -1.91537e-006             0  2.10157e-005  4.77262e-005   0.000367949    0.00100415   0.000995758   0.000543504   0.000195191  9.95886e-005  9.13805e-005  7.70045e-005  4.11373e-005  1.92369e-005  1.18556e-005  9.06611e-006  6.14214e-006  3.10043e-006  1.16768e-006  3.59118e-007  1.06474e-007  3.71827e-008  1.84848e-008  1.44926e-008  1.67382e-008  2.02578e-008  1.36992e-008  3.93269e-009  8.69918e-010   2.7816e-010  1.82412e-010  2.61187e-010             0             0 -5.17971e-005
    0.0445542      0.181288       1.23607       2.09585      0.603612     -0.135263    -0.0437878     0.0446265     0.0827966     0.0670175     0.0184512   -0.00118848   -0.00356342    -0.0014589     0.0018727    0.00239788   0.000704275  -0.000156923  -0.000205251  -0.000131633 -9.65426e-005   -0.00010179  -0.000149032  -0.000211812  -0.000146467 -3.73777e-005 -7.06249e-006 -1.96034e-006  -1.1539e-006 -1.54112e-006             0  1.84564e-005  4.12263e-005   0.000336525   0.000995758    0.00108086    0.00062505   0.000232274   0.000121359   0.000114595  9.95599e-005  5.46542e-005  2.61119e-005  1.63544e-005  1.26682e-005  8.67844e-006  4.42279e-006  1.67612e-006  5.16301e-007  1.52784e-007  5.31446e-008   2.6277e-008  2.04618e-008  2.34473e-008  2.81839e-008  1.90408e-008  5.49751e-009  1.22422e-009  3.93489e-010  2.58957e-010  3.71574e-010             0             0   0.000624187
    0.0321662      0.105333      0.790955       1.78968       1.31141      0.567933       0.21931      0.152695      0.171794      0.151655     0.0744504     0.0299403     0.0171717     0.0143607     0.0119735    0.00720334    0.00260473   0.000531616  3.95842e-005 -3.15073e-005 -3.94347e-005 -5.09978e-005 -8.32153e-005  -0.000125121 -8.72576e-005 -2.14862e-005  -3.8278e-006 -9.94924e-007  -5.5115e-007 -7.03673e-007             0  9.05051e-006  2.08969e-005    0.00017583   0.000543504    0.00062505   0.000384519   0.000149064  8.15554e-005  8.04642e-005  7.29303e-005  4.15807e-005  2.05069e-005  1.31761e-005  1.04169e-005   7.2554e-006  3.74766e-006  1.43501e-006   4.4516e-007  1.32305e-007  4.61309e-008  2.28291e-008  1.77701e-008  2.03352e-008  2.44079e-008  1.64973e-008  4.77645e-009  1.06685e-009  3.43708e-010  2.26562e-010  3.25421e-010             0             0    0.00064186
   0.00885814     0.0263429      0.211439      0.551508      0.504108      0.263469      0.103612     0.0669921     0.0749777     0.0691232     0.0362182     0.0155864    0.00930445    0.00779784    0.00640843    0.00383618    0.00141073   0.000304444  3.14188e-005 -1.21134e-005 -1.82953e-005 -2.47976e-005  -4.1365e-005  -6.2917e-005 -4.40493e-005 -1.08192e-005 -1.91522e-006 -4.93719e-007 -2.71214e-007 -3.43993e-007             0  2.98888e-006  7.31449e-006  6.23347e-005   0.000195191   0.000232274   0.000149064  6.22173e-005  3.48735e-005  3.66873e-005  3.48971e-005  2.07807e-005  1.06455e-005   7.0627e-006  5.73223e-006  4.07736e-006  2.14159e-006  8.31209e-007  2.60764e-007  7.82207e-008  2.74791e-008  1.36827e-008  1.07054e-008  1.23045e-008  1.48201e-008  1.00357e-008  2.90645e-009  6.49066e-010  2.09083e-010  1.37818e-010  1.97972e-010             0             0   0.000405438
   0.00182498    0.00345268     0.0345047      0.129043      0.163148     0.0983566      0.036871     0.0214577     0.0235797     0.0219299     0.0110137    0.00408862    0.00203541    0.00172751    0.00176357    0.00125126   0.000434984  3.63251e-005 -3.41753e-005 -2.98807e-005 -2.45063e-005 -2.74808e-005  -4.1837e-005 -6.09164e-005 -4.25582e-005 -1.08387e-005 -2.03112e-006 -5.58107e-007 -3.25498e-007 -4.31967e-007             0  1.41772e-006  3.67662e-006  3.16377e-005  9.95886e-005   0.000121359  8.15554e-005  3.48735e-005  2.23912e-005   2.3285e-005  2.38051e-005    1.489e-005  7.97221e-006  5.49701e-006  4.60864e-006  3.36586e-006  1.80546e-006  7.12825e-007  2.26901e-007  6.89179e-008  2.44692e-008  1.22952e-008  9.69709e-009  1.12255e-008  1.35995e-008  9.23553e-009  2.67407e-009  5.96538e-010     1.92e-010  1.26497e-010   1.8168e-010             0             0  -0.000165646
   -0.0001544   -0.00531289    -0.0305283    0.00451186      0.111673     0.0942408     0.0325143     0.0120438    0.00890211    0.00688038     0.0022014  -0.000672613   -0.00162475   -0.00168964  -0.000832905  -0.000114398  -0.000129923  -0.000184379  -0.000121905 -7.00065e-005 -4.97715e-005 -5.19307e-005  -7.5809e-005  -0.000108049 -7.56008e-005 -1.97076e-005  -3.8157e-006  -1.0837e-006 -6.50121e-007 -8.80099e-007             0  1.21669e-006  3.28764e-006   2.8665e-005  9.13805e-005   0.000114595  8.04642e-005  3.66873e-005   2.3285e-005  2.85916e-005  2.90953e-005  1.95161e-005  1.09917e-005   7.9275e-006  6.90802e-006  5.21037e-006  2.86924e-006  1.15718e-006  3.74814e-007  1.15479e-007  4.14793e-008  2.10404e-008  1.67244e-008  1.94866e-008    2.373e-008  1.61667e-008  4.68678e-009  1.04608e-009  3.36813e-010  2.21984e-010  3.18943e-010             0             0  -0.000313945
 -0.000998206    -0.0106926     -0.069395     -0.049098      0.141867      0.149274      0.055622      0.018821     0.0109886    0.00890942    0.00511861    0.00142885  -0.000489913   -0.00131061  -0.000891502  -0.000194963  -0.000190161  -0.000249072   -0.00016779 -9.86691e-005 -7.15543e-005 -7.58243e-005  -0.000112017  -0.000161139  -0.000113589 -2.97941e-005 -5.79765e-006 -1.65314e-006 -9.94773e-007 -1.34973e-006             0  9.67855e-007  2.68976e-006  2.37701e-005  7.70045e-005  9.95599e-005  7.29303e-005  3.48971e-005  2.38051e-005  2.90953e-005  3.42304e-005  2.29666e-005  1.39251e-005  1.05586e-005  9.61414e-006  7.52939e-006  4.27895e-006  1.77096e-006  5.85748e-007  1.83507e-007  6.67873e-008  3.42278e-008  2.74246e-008  3.21516e-008  3.93384e-008  2.68965e-008   7.8184e-009  1.74863e-009  5.63899e-010  3.72094e-010  5.35108e-010             0             0  -0.000216198
 -0.000857052   -0.00920638    -0.0608992    -0.0435111      0.136497      0.152409     0.0620514     0.0243231     0.0179916     0.0186567     0.0145993    0.00868176    0.00557047    0.00408434    0.00296509    0.00185117   0.000704585  8.68537e-005 -5.19656e-005 -5.45894e-005 -4.87999e-005  -5.7916e-005 -9.17994e-005  -0.000137757 -9.86315e-005 -2.56691e-005 -4.90215e-006 -1.36872e-006 -8.08645e-007 -1.08362e-006             0  4.93082e-007  1.40048e-006  1.25181e-005  4.11373e-005  5.46542e-005  4.15807e-005  2.07807e-005    1.489e-005  1.95161e-005  2.29666e-005  1.82653e-005  1.05523e-005  8.78999e-006  8.40571e-006  6.87342e-006  4.05412e-006  1.73126e-006  5.87538e-007  1.87909e-007  6.95127e-008  3.60783e-008   2.9189e-008  3.44723e-008  4.24133e-008  2.91284e-008  8.49909e-009  1.90663e-009  6.16283e-010  4.07376e-010  5.86615e-010             0             0 -3.32575e-005
 -0.000614607   -0.00645649    -0.0434594    -0.0329366     0.0993732      0.116594     0.0500529     0.0209853     0.0169789     0.0194839     0.0170755     0.0116935    0.00887278    0.00759149    0.00577597    0.00346901    0.00148687   0.000418939  7.63126e-005 -6.55633e-007  -1.8266e-005 -3.15832e-005 -5.91755e-005 -9.66834e-005 -7.11733e-005 -1.81947e-005 -3.33444e-006 -8.86488e-007 -5.00258e-007 -6.48467e-007             0  2.21957e-007  6.42406e-007  5.79252e-006  1.92369e-005  2.61119e-005  2.05069e-005  1.06455e-005  7.97221e-006  1.09917e-005  1.39251e-005  1.05523e-005  8.20263e-006  5.79675e-006  6.28082e-006  5.39299e-006  3.32188e-006  1.47281e-006  5.15886e-007  1.69333e-007  6.39614e-008  3.37488e-008  2.76573e-008  3.29879e-008  4.08953e-008  2.82529e-008  8.28316e-009  1.86522e-009  6.04656e-010  4.00577e-010   5.7779e-010             0             0   0.000157695
 -0.000622497    -0.0059058    -0.0407596    -0.0372415     0.0809742      0.102337      0.045046     0.0185159     0.0142264     0.0171673     0.0169833     0.0129421      0.010628    0.00954971     0.0073625    0.00445727    0.00203927   0.000667176   0.000167373   3.2796e-005 -3.20663e-006 -2.27825e-005 -5.42271e-005 -9.77037e-005 -7.45773e-005 -1.89894e-005 -3.38999e-006 -8.68028e-007 -4.70759e-007 -5.91631e-007             0   1.3271e-007  3.90309e-007  3.54329e-006  1.18556e-005  1.63544e-005  1.31761e-005   7.0627e-006  5.49701e-006   7.9275e-006  1.05586e-005  8.78999e-006  5.79675e-006  6.44789e-006  5.54215e-006  5.41054e-006  3.50153e-006  1.62219e-006   5.9021e-007  2.00024e-007  7.75666e-008  4.18052e-008  3.48429e-008  4.21138e-008  5.27509e-008  3.67336e-008   1.0835e-008  2.45125e-009  7.97491e-010  5.29786e-010  7.65772e-010             0             0   0.000201683
