IGOR
WAVES/D/O/N=(64, 64)	Hess
BEGIN
       74.328       167.408       2908.68       5328.39       4768.69       2761.25       1273.16       909.385       888.454       688.605       445.196       329.093       258.004       173.753       115.126       93.3091       72.3682       31.9046       9.15683       3.12397       1.92101       2.38772       4.83054       8.34547       4.70825      0.995592      0.206007     0.0803402     0.0829546      0.247837       1.68779  2.73747e-006   -0.00159953    -0.0364372     -0.019782      0.017342     0.0154369    0.00525583    0.00208556    0.00144928    0.00136877    0.00110905   0.000845251    0.00057122   0.000288529   0.000132649  7.39526e-005  4.24695e-005   1.5564e-005  3.83937e-006  1.10764e-006  5.65317e-007  5.74155e-007  9.30589e-007   1.2284e-006  4.73099e-007  6.07833e-008  6.66588e-009  9.54963e-010 -2.35565e-010 -3.35673e-009 -7.67906e-008      -2.85319             0
      167.408       497.834       8110.08       14819.3       13250.2       7729.51       3605.96       2604.58       2564.79       1997.52       1295.97       961.219       756.156       510.856       339.377       275.607       214.051       94.4573       27.1292       9.26075       5.69729         7.084       14.3356       24.7727       13.9788       2.95641       0.61181       0.23862      0.246401       0.73619       5.01429     0.0013341  -0.000879302    -0.0525924    0.00363868      0.079253     0.0527535     0.0160723    0.00467357    0.00104574   0.000356425   0.000283967 -7.85251e-005  -0.000570077  -0.000803482  -0.000778806  -0.000777169  -0.000674225    -0.0003156 -9.44129e-005 -3.33336e-005  -2.1092e-005 -2.68395e-005 -5.53642e-005 -9.72924e-005 -5.57764e-005 -1.19494e-005 -2.49612e-006 -9.80098e-007 -1.01699e-006 -3.04932e-006 -2.09917e-005      -3.47153             0
      2908.68       8110.08        138694        254598        229373        135325       63959.6       46772.7         46516       36492.9         23812         17750       14026.5       9513.67       6340.54       5161.84       4016.22       1774.62       510.201       174.297       107.294       133.474       270.206       467.071       263.625       55.7652       11.5419        4.5021       4.64929       13.8918        94.637     0.0303023     0.0145198     -0.424705       0.59753       1.63388       1.00696      0.297801      0.071725    -0.0145475    -0.0340731    -0.0288592    -0.0317625    -0.0380562    -0.0357397    -0.0295889    -0.0275614    -0.0232152    -0.0107425   -0.00319123   -0.00111957   -0.00070436   -0.00089183   -0.00183165   -0.00320553   -0.00182988  -0.000390646 -8.13978e-005 -3.19049e-005 -3.30647e-005  -9.9053e-005   -0.00068012       8.69267             0
      5328.39       14819.3        254598        478557        441846        264861        126251       92955.3       93189.1       73755.7       48506.5       36368.1       28848.6       19615.4       13096.7       10678.1       8319.14       3680.13       1058.98       362.011       222.956       277.454       561.828       971.331       548.301       115.992       24.0088       9.36543         9.672       28.9003         196.9     0.0165636    -0.0507412      -1.74986     -0.559073       1.88317       1.50583      0.512427      0.176879      0.077879     0.0648021     0.0564725     0.0373839     0.0121203   -0.00799615    -0.0152621    -0.0183919    -0.0172147   -0.00833456   -0.00254849  -0.000916373  -0.000588808   -0.00075878   -0.00158167   -0.00280536   -0.00162256  -0.000350111 -7.35093e-005 -2.89676e-005 -3.01355e-005 -9.05267e-005  -0.000626649      -1.94523             0
      4768.69       13250.2        229373        441846        419496        256708        124019       92365.9       93796.5       75270.3       50130.7       37953.5       30311.7       20707.2       13874.5         11345       8860.62       3927.89       1132.13       387.492       238.866       297.452       602.618       1042.21       588.448       124.505       25.7742       10.0551       10.3851       31.0328       211.471    -0.0142848     -0.104448      -2.35219      -2.01315      0.527221      0.936956      0.396202      0.194811      0.184699      0.214726      0.195219      0.166388      0.128892      0.078059     0.0453312     0.0329998     0.0241314     0.0104505    0.00296798    0.00099721   0.000602096   0.000734294    0.00145763    0.00246758    0.00135986   0.000281633  5.73889e-005  2.21372e-005  2.26785e-005  6.73695e-005   0.000451052      -0.11253             0
      2761.25       7729.51        135325        264861        256708        160369         78891       59816.6       61866.7       50566.1       34250.7       26300.6       21241.5         14638       9876.02       8120.77       6371.38       2834.79       819.405        281.07       173.551       216.389       438.806       759.443       429.013       90.8066       18.8037       7.33741       7.57952       22.6523       154.428    -0.0127817    -0.0660784       -1.4195      -1.45275    -0.0200587      0.402581      0.200661       0.11567      0.136439      0.177116      0.170116      0.153263       0.12684       0.08304      0.052314      0.040907     0.0314659     0.0140412    0.00407673    0.00139733   0.000859105    0.00106473    0.00214404    0.00367915    0.00205602   0.000430975   8.8619e-005  3.44108e-005  3.54235e-005   0.000105607   0.000714799      0.737395             0
      1273.16       3605.96       63959.6        126251        124019         78891       39639.6       30714.2       32502.8       27153.9       18774.6       14685.2       12050.7       8416.11       5741.16       4763.18       3763.83       1684.06       488.925       168.282       104.182       130.161       264.357       458.066       258.998       54.8587       11.3658       4.43684       4.58463       13.7049       93.4989   -0.00436207    -0.0242206      -0.54474     -0.569034    0.00543252      0.181055     0.0901361     0.0493107     0.0570822     0.0805104     0.0827984     0.0773556     0.0647243      0.041983      0.025925     0.0198816     0.0151323     0.0067423    0.00195686   0.000669267   0.000410053   0.000506141    0.00101478    0.00173267     0.0009624   0.000200626  4.10853e-005  1.59068e-005  1.63405e-005  4.86409e-005   0.000327727      -1.24053             0
      909.385       2604.58       46772.7       92955.3       92365.9       59816.6       30714.2       24436.5       26540.2       22780.6       16160.8       12948.9       10858.5       7727.74       5356.09       4502.05       3594.87       1621.77       473.897       163.937       101.892       127.688       259.944       451.237       255.495       54.1748       11.2333       4.38784       4.53613       13.5647       92.6471   -0.00173843    -0.0121136     -0.294382     -0.295671     0.0473481        0.1402     0.0667093     0.0325607     0.0323099     0.0491004     0.0549024     0.0529233     0.0435123     0.0263877      0.014645    0.00997719    0.00693731    0.00295067   0.000827309   0.000272138   0.000159818   0.000188932   0.000362756    0.00059124   0.000311029  6.16153e-005  1.21218e-005  4.55319e-006  4.57247e-006  1.33818e-005  8.54719e-005     -0.661818             0
      888.454       2564.79         46516       93189.1       93796.5       61866.7       32502.8       26540.2       29742.7       26332.8       19295.6       15938.5       13741.6         10021       7091.87       6065.53       4912.29       2241.32       660.825       230.213        143.87       181.059       369.801       643.552       365.091       77.5281       16.0938        6.2918       6.50869       19.4731       133.209   -0.00121604   -0.00916941     -0.231337     -0.235516     0.0466214      0.126923     0.0613995     0.0286164     0.0263311     0.0449904     0.0555153     0.0562689     0.0467355     0.0273001      0.013774    0.00807062    0.00478445    0.00183102   0.000467263   0.000135678  6.75671e-005  6.45364e-005   9.2966e-005   9.4813e-005  1.32878e-005 -4.54782e-006 -2.06168e-006 -1.11808e-006 -1.38897e-006 -4.66095e-006 -4.22201e-005      0.931544             0
      688.605       1997.52       36492.9       73755.7       75270.3       50566.1       27153.9       22780.6       26332.8       24190.4       18381.8       15753.7       14040.5       10544.2       7654.14       6688.94       5514.98       2553.28       761.625       267.774       168.545       213.292       437.501       763.865       434.426       92.4271       19.2145       7.52018         7.786       23.3096       159.779   -0.00115024   -0.00679038     -0.165129     -0.189625   -0.00468619     0.0669994     0.0352934      0.015867     0.0167107     0.0371558     0.0518358     0.0572621     0.0516069     0.0330678     0.0187714     0.0128027    0.00893195    0.00387891    0.00110846   0.000367256   0.000215031   0.000251533   0.000474857   0.000754433   0.000381706  7.24619e-005  1.37391e-005   5.0089e-006  4.91297e-006   1.4117e-005  8.47149e-005      0.413601             0
      445.196       1295.97         23812       48506.5       50130.7       34250.7       18774.6       16160.8       19295.6       18381.8       14570.4       12982.1       12024.7       9341.61       6987.57       6266.78       5281.63       2490.19       753.823       268.148       170.336       217.103       447.782       785.128       447.956       95.5394       19.8989       7.79922       8.08377       24.2214        166.47  -0.000931855   -0.00444966     -0.102902     -0.134215    -0.0353961     0.0176722     0.0114077    0.00344825    0.00572924     0.0235616     0.0389037     0.0476661      0.047372     0.0339029     0.0219573     0.0173309      0.013761    0.00652153    0.00199671   0.000707644    0.00044298   0.000553141    0.00111353    0.00189443    0.00103935   0.000213747  4.33268e-005  1.66547e-005  1.70232e-005  5.04946e-005    0.00033675     -0.610545             0
      329.093       961.219         17750       36368.1       37953.5       26300.6       14685.2       12948.9       15938.5       15753.7       12982.1       12089.4       11639.3       9398.72       7274.68       6725.66       5819.15          2805       864.694       312.118       200.583       257.997       535.919        944.83       541.339       115.828        24.184       9.49666       9.85737       29.5682        203.93  -0.000711148   -0.00307652    -0.0692875    -0.0978619     -0.039521  -0.000546513    0.00147115   -0.00240776   -0.00105039     0.0136357     0.0286793     0.0391774       0.04232     0.0327192     0.0228966     0.0195092     0.0165814    0.00829123    0.00265056   0.000974258   0.000629026   0.000806184     0.0016591    0.00287796    0.00160813   0.000335956  6.89337e-005   2.6743e-005  2.75247e-005  8.20707e-005   0.000556354     -0.209899             0
      258.004       756.156       14026.5       28848.6       30311.7       21241.5       12050.7       10858.5       13741.6       14040.5       12024.7       11639.3       11708.8       9820.96       7901.86       7559.56       6742.32       3335.87       1051.05       386.235       251.819       327.634       686.736       1219.26       702.379       150.915       31.6117       12.4441       12.9412       38.8743       269.346  -0.000482258   -0.00202455    -0.0454022    -0.0666124    -0.0309555   -0.00449455   -0.00145728   -0.00410284   -0.00425377    0.00642744     0.0194082     0.0295871     0.0341635     0.0276879     0.0201144     0.0177908     0.0158124    0.00830319     0.0027688    0.00105185   0.000696569     0.0009102    0.00190052    0.00333063    0.00187285   0.000392932  8.09008e-005  3.14738e-005  3.24672e-005  9.69822e-005   0.000661394      0.543627             0
      173.753       510.856       9513.67       19615.4       20707.2         14638       8416.11       7727.74         10021       10544.2       9341.61       9398.72       9820.96       8607.59       7186.97       7147.36       6593.69       3361.34       1086.54       407.921       270.669       357.177       757.136       1356.22       786.703       169.943       35.7451        14.116       14.7157       44.2874       308.678   -0.00024523   -0.00104171     -0.023631    -0.0349579    -0.0164192   -0.00250551   -0.00105188    -0.0029179   -0.00383696    0.00201084     0.0103803     0.0174999      0.021226     0.0175568     0.0127658      0.011299      0.010312    0.00570542    0.00199758   0.000786728   0.000534544   0.000711083    0.00150204    0.00264589    0.00148498   0.000310315  6.37094e-005  2.47442e-005  2.55018e-005  7.61402e-005   0.000518911      0.127663             0
      115.126       339.377       6340.54       13096.7       13874.5       9876.02       5741.16       5356.09       7091.87       7654.14       6987.57       7274.68       7901.86       7186.97       6275.23       6467.86       6199.54       3266.63       1087.28       418.541       283.579       380.667       818.116       1481.58       866.863       188.523       39.8604       15.8046       16.5269       49.8558       350.123  -0.000114028  -0.000500946    -0.0115824     -0.016993   -0.00752455  -0.000692549  -0.000319726    -0.0015743   -0.00247273   0.000488688    0.00540011    0.00987901     0.0124323     0.0103412    0.00733756    0.00627976    0.00577775    0.00339914    0.00126487   0.000520137   0.000363806   0.000493059    0.00105209    0.00185436    0.00102915   0.000212001  4.30411e-005  1.65858e-005   1.7001e-005  5.05692e-005   0.000341003     -0.725944             0
      93.3091       275.607       5161.84       10678.1         11345       8120.77       4763.18       4502.05       6065.53       6688.94       6266.78       6725.66       7559.56       7147.36       6467.86       6969.25       6917.69       3784.08       1300.44       515.004       357.473        489.61       1069.67       1962.87       1160.56       254.481       54.1522       21.5781       22.6507       68.5301       485.828 -6.46404e-005  -0.000293935   -0.00691754    -0.0100404   -0.00413202 -4.18677e-005 -2.97661e-005   -0.00096999   -0.00175068  6.81038e-005    0.00348489    0.00681368    0.00887758    0.00745942    0.00518221    0.00425769    0.00393439    0.00249815     0.0010021   0.000434425   0.000314929   0.000436924   0.000944544    0.00166665   0.000911683   0.000184082  3.67474e-005  1.39816e-005  1.41989e-005  4.19505e-005   0.000277097     -0.431145             0
      72.3682       214.051       4016.22       8319.14       8860.62       6371.38       3763.83       3594.87       4912.29       5514.98       5281.63       5819.15       6742.32       6593.69       6199.54       6917.69       7168.25       4052.75       1446.17       590.146       420.865       589.814       1313.34       2447.59       1465.21       324.455       69.5763       27.8909       29.4135       89.3097       640.496 -3.78273e-005  -0.000173178    -0.0040992   -0.00596999   -0.00246052 -2.06577e-005  -3.4059e-005  -0.000654049   -0.00124165  -0.000162666    0.00209573    0.00442952    0.00602585    0.00520836    0.00366299    0.00302264    0.00291436    0.00202504   0.000879683   0.000404824   0.000307092   0.000441032   0.000978061    0.00175446    0.00096577   0.000195153  3.89457e-005  1.48139e-005  1.50427e-005  4.44461e-005   0.000293668       1.02763             0
      31.9046       94.4573       1774.62       3680.13       3927.89       2834.79       1684.06       1621.77       2241.32       2553.28       2490.19          2805       3335.87       3361.34       3266.63       3784.08       4052.75       2397.71       874.466       373.344       273.004       392.415       892.685        1693.3        1028.3        230.33       49.8419       20.1226       21.3388       65.0697       473.204 -1.40733e-005 -6.23203e-005   -0.00145939   -0.00217932   -0.00100566  -0.000129056 -8.63412e-005  -0.000305901  -0.000556898  -0.000196609   0.000646008    0.00155473    0.00223735    0.00201672    0.00147704     0.0012888    0.00135955    0.00103823   0.000485922   0.000237734   0.000189992    0.00028534   0.000657616    0.00122044   0.000693647   0.000144253  2.94803e-005  1.14279e-005  1.17775e-005  3.51998e-005   0.000241538      0.730488             0
      9.15683       27.1292       510.201       1058.98       1132.13       819.405       488.925       473.897       660.825       761.625       753.823       864.694       1051.05       1086.54       1087.28       1300.44       1446.17       874.466       345.754       140.527       112.692       164.115       382.163       739.317       456.306       103.561       22.6468       9.21952       9.84068       30.1603       223.025 -3.52238e-006 -1.49586e-005  -0.000344849  -0.000530638  -0.000276904 -6.83715e-005 -4.32466e-005 -9.29587e-005  -0.000161889 -8.62547e-005   0.000113534   0.000334541   0.000511964   0.000479391   0.000363433   0.000334383   0.000387133   0.000325091   0.000163704  8.51173e-005  7.17557e-005   0.000112991   0.000271553   0.000523257   0.000308018  6.60976e-005  1.38649e-005  5.48835e-006  5.75041e-006  1.74088e-005   0.000124689     -0.290673             0
      3.12397       9.26075       174.297       362.011       387.492        281.07       168.282       163.937       230.213       267.774       268.148       312.118       386.235       407.921       418.541       515.004       590.146       373.344       140.527       75.5683        45.396       80.0225       187.288       370.155       232.609       53.5816       11.8594       4.87474       5.24301       16.1654       121.946  -1.0349e-006 -4.24379e-006 -9.64653e-005  -0.000152323 -8.73448e-005 -2.87969e-005 -1.79856e-005 -3.13155e-005 -5.30854e-005 -3.48905e-005  1.99496e-005  8.13545e-005   0.000132637    0.00012764  9.81576e-005  9.28098e-005     0.0001168   0.000108375  5.88486e-005  3.25371e-005  2.89632e-005  4.79093e-005   0.000120359   0.000241275   0.000147152  3.25793e-005  7.01753e-006  2.83922e-006  3.02776e-006  9.29584e-006  6.98833e-005     -0.472272             0
      1.92101       5.69729       107.294       222.956       238.866       173.551       104.182       101.892        143.87       168.545       170.336       200.583       251.819       270.669       283.579       357.473       420.865       273.004       112.692        45.396       50.9395       58.6353       160.509       321.355       205.937       48.2267       10.8205       4.49712       4.87977       15.1509       117.033 -5.40724e-007 -2.15428e-006 -4.83679e-005 -7.80665e-005 -4.81431e-005  -1.8736e-005 -1.16513e-005 -1.80702e-005 -3.00978e-005 -2.24733e-005  4.11221e-006  3.39192e-005  5.92742e-005  5.79868e-005  4.41616e-005  4.15645e-005  5.67207e-005   5.8961e-005  3.46957e-005  2.04323e-005  1.92392e-005   3.3525e-005  8.83815e-005   0.000185164   0.000117567  2.70033e-005  6.00955e-006  2.50063e-006  2.72996e-006  8.54361e-006  6.88271e-005     -0.518483             0
      2.38772         7.084       133.474       277.454       297.452       216.389       130.161       127.688       181.059       213.292       217.103       257.997       327.634       357.177       380.667        489.61       589.814       392.415       164.115       80.0225       58.6353       113.572       255.542       543.468       354.564       84.5308       19.2532       8.10142       8.87918       27.7894       220.665 -5.65832e-007  -2.1995e-006 -4.88379e-005 -8.03407e-005 -5.25426e-005 -2.28316e-005 -1.41679e-005 -2.03873e-005 -3.35138e-005 -2.72851e-005 -1.61879e-006   2.6924e-005  5.12268e-005  5.03841e-005  3.68129e-005  3.28813e-005  4.92872e-005  5.92433e-005  3.81306e-005  2.39794e-005  2.39289e-005  4.40567e-005   0.000122493    0.00027019   0.000180371  4.34992e-005   1.0131e-005  4.38882e-006  4.95826e-006  1.59619e-005   0.000142529     -0.670661             0
      4.83054       14.3356       270.206       561.828       602.618       438.806       264.357       259.944       369.801       437.501       447.782       535.919       686.736       757.136       818.116       1069.67       1313.34       892.685       382.163       187.288       160.509       255.542       683.981       1423.27       957.065       232.111       53.7226       22.9111       25.3886       80.1679       656.887 -9.53586e-007 -3.63118e-006 -7.98477e-005  -0.000133503 -9.15167e-005 -4.29431e-005 -2.66164e-005 -3.63859e-005 -5.92192e-005 -5.12525e-005 -1.13614e-005  3.23154e-005  6.89959e-005  6.73513e-005  4.48876e-005  3.43447e-005   5.9538e-005  8.87818e-005  6.34827e-005  4.27741e-005  4.52985e-005  8.83623e-005   0.000260621   0.000611142   0.000434779   0.000111831    2.767e-005  1.26408e-005  1.49303e-005  4.98301e-005   0.000504887     -0.495178             0
      8.34547       24.7727       467.071       971.331       1042.21       759.443       458.066       451.237       643.552       763.865       785.128        944.83       1219.26       1356.22       1481.58       1962.87       2447.59        1693.3       739.317       370.155       321.355       543.468       1423.27       3108.24       2109.15       525.279       123.239       53.3047        59.768       190.553       1617.42 -1.33326e-006 -5.00996e-006  -0.000109466  -0.000185023  -0.000130687 -6.41264e-005 -3.97618e-005 -5.28541e-005 -8.56286e-005 -7.70213e-005 -2.44869e-005  3.21648e-005  7.87856e-005   7.5294e-005  4.27711e-005  2.10772e-005  5.00792e-005   0.000105875  8.53439e-005  6.16068e-005  6.91374e-005   0.000142994   0.000449557    0.00113066   0.000867184    0.00024059  6.37747e-005  3.08841e-005  3.82438e-005   0.000132505    0.00152237       1.72086             0
      4.70825       13.9788       263.625       548.301       588.448       429.013       258.998       255.495       365.091       434.426       447.956       541.339       702.379       786.703       866.863       1160.56       1465.21        1028.3       456.306       232.609       205.937       354.564       957.065       2109.15       1482.75       365.297       90.4574       39.0077       44.2797       142.636       1259.88 -5.69843e-007 -2.14308e-006 -4.68616e-005 -7.92283e-005  -5.5974e-005 -2.74973e-005  -1.7114e-005 -2.28607e-005 -3.72564e-005 -3.38814e-005 -1.13596e-005  1.29903e-005  3.29426e-005  3.09435e-005  1.56725e-005  3.59827e-006  1.38274e-005  4.21637e-005  3.72301e-005  2.83088e-005  3.33061e-005  7.26439e-005   0.000243366   0.000658502   0.000546453   0.000163704  4.63956e-005  2.37299e-005  3.06861e-005   0.000109984    0.00141577       1.28649             0
     0.995592       2.95641       55.7652       115.992       124.505       90.8066       54.8587       54.1748       77.5281       92.4271       95.5394       115.828       150.915       169.943       188.523       254.481       324.455        230.33       103.561       53.5816       48.2267       84.5308       232.111       525.279       365.297       104.746       16.9205       11.8872       11.8676       38.6522       357.513 -8.79408e-008  -3.3363e-007 -7.33003e-006 -1.23221e-005 -8.56349e-006  -4.1113e-006  -2.5731e-006 -3.51617e-006 -5.79574e-006 -5.24765e-006 -1.62592e-006  2.34882e-006  5.64336e-006  5.29256e-006   2.6869e-006  4.99038e-007  1.91329e-006  6.76038e-006   6.2265e-006  4.88623e-006  5.95585e-006  1.36049e-005  4.83928e-005   0.000140462   0.000125526  4.02929e-005  1.21001e-005  6.48321e-006  8.69826e-006  3.20959e-005   0.000457569     -0.476218             0
     0.206007       0.61181       11.5419       24.0088       25.7742       18.8037       11.3658       11.2333       16.0938       19.2145       19.8989        24.184       31.6117       35.7451       39.8604       54.1522       69.5763       49.8419       22.6468       11.8594       10.8205       19.2532       53.7226       123.239       90.4574       16.9205       15.1167      -3.67663        4.5777       9.92763       97.0304 -1.32947e-008 -5.08757e-008  -1.1229e-006 -1.87682e-006 -1.28256e-006 -6.00708e-007 -3.77919e-007  -5.2848e-007  -8.8028e-007 -7.91697e-007 -2.21442e-007  4.13469e-007  9.46716e-007  8.91152e-007   4.6606e-007  1.00019e-007  3.02159e-007  1.09032e-006  1.02516e-006  8.22318e-007  1.03168e-006  2.45561e-006  9.22529e-006  2.85155e-005  2.71718e-005  9.23907e-006   2.9095e-006  1.61998e-006  2.24223e-006  8.48545e-006   0.000133205     -0.494086             0
    0.0803402       0.23862        4.5021       9.36543       10.0551       7.33741       4.43684       4.38784        6.2918       7.52018       7.79922       9.49666       12.4441        14.116       15.8046       21.5781       27.8909       20.1226       9.21952       4.87474       4.49712       8.10142       22.9111       53.3047       39.0077       11.8872      -3.67663       10.5775      -4.86318       6.23486       48.8157 -3.82118e-009 -1.47229e-008 -3.26119e-007 -5.42626e-007  -3.6585e-007 -1.67857e-007 -1.06055e-007 -1.51144e-007 -2.53856e-007 -2.27015e-007 -5.78069e-008    1.327e-007  2.94451e-007  2.78302e-007  1.49325e-007  3.67133e-008  9.30871e-008  3.32497e-007  3.16705e-007   2.5839e-007  3.32133e-007  8.19488e-007  3.22892e-006  1.05274e-005  1.05745e-005  3.76665e-006  1.23282e-006  7.08792e-007  1.00782e-006  3.90145e-006  6.74462e-005     -0.393067             0
    0.0829546      0.246401       4.64929         9.672       10.3851       7.57952       4.58463       4.53613       6.50869         7.786       8.08377       9.85737       12.9412       14.7157       16.5269       22.6507       29.4135       21.3388       9.84068       5.24301       4.87977       8.87918       25.3886        59.768       44.2797       11.8676        4.5777      -4.86318       11.0678     -0.595738       65.8709 -2.93283e-009 -1.13558e-008 -2.52182e-007 -4.18259e-007 -2.79259e-007  -1.2617e-007 -7.99791e-008 -1.15609e-007 -1.95367e-007 -1.74014e-007  -4.1141e-008  1.09662e-007  2.38732e-007  2.26353e-007  1.23522e-007  3.28043e-008  7.51366e-008  2.66955e-007   2.5696e-007  2.12581e-007  2.78879e-007  7.09493e-007  2.90969e-006  9.90947e-006  1.03832e-005  3.83819e-006  1.29632e-006  7.65717e-007  1.11479e-006  4.40601e-006  8.43005e-005     -0.512754             0
     0.247837       0.73619       13.8918       28.9003       31.0328       22.6523       13.7049       13.5647       19.4731       23.3096       24.2214       29.5682       38.8743       44.2874       49.8558       68.5301       89.3097       65.0697       30.1603       16.1654       15.1509       27.7894       80.1679       190.553       142.636       38.6522       9.92763       6.23486     -0.595738       27.2661       240.133 -6.56316e-009 -2.54925e-008  -5.6705e-007 -9.38603e-007 -6.22798e-007 -2.78588e-007 -1.77007e-007 -2.58273e-007 -4.38272e-007 -3.89555e-007 -8.78231e-008  2.56428e-007  5.52612e-007  5.24906e-007  2.88634e-007  7.79573e-008  1.70157e-007  6.14239e-007  5.97686e-007   5.0043e-007   6.6787e-007  1.74323e-006  7.38787e-006  2.60556e-005  2.82279e-005  1.07466e-005  3.72369e-006  2.25032e-006  3.34503e-006  1.34754e-005   0.000287988     -0.915776             0
      1.68779       5.01429        94.637         196.9       211.471       154.428       93.4989       92.6471       133.209       159.779        166.47        203.93       269.346       308.678       350.123       485.828       640.496       473.204       223.025       121.946       117.033       220.665       656.887       1617.42       1259.88       357.513       97.0304       48.8157       65.8709       240.133       9871.52             0             0             0             0             0             0             0             0             0             0             0             0             0             0             0             0             0             0             0             0             0             0             0             0             0             0             0             0             0             0             0       1.28955             0
 2.73747e-006     0.0013341     0.0303023     0.0165636    -0.0142848    -0.0127817   -0.00436207   -0.00173843   -0.00121604   -0.00115024  -0.000931855  -0.000711148  -0.000482258   -0.00024523  -0.000114028 -6.46404e-005 -3.78273e-005 -1.40733e-005 -3.52238e-006  -1.0349e-006 -5.40724e-007 -5.65832e-007 -9.53586e-007 -1.33326e-006 -5.69843e-007 -8.79408e-008 -1.32947e-008 -3.82118e-009 -2.93283e-009 -6.56316e-009             0  6.90162e-006  -4.3363e-007  1.20659e-005  1.91365e-005  1.41601e-005  6.63154e-006   2.4657e-006  1.40531e-006  1.08127e-006  6.53081e-007  3.26336e-007  1.85683e-007   1.1195e-007  5.79296e-008  2.94248e-008  1.82326e-008  1.07858e-008  3.62092e-009    7.906e-010  2.05076e-010  9.58405e-011  9.05041e-011  1.39071e-010  1.82467e-010  7.81737e-011  1.25511e-011   1.9715e-012  5.83584e-013  4.57325e-013  1.03689e-012             0             0  -0.000136138
  -0.00159953  -0.000879302     0.0145198    -0.0507412     -0.104448    -0.0660784    -0.0242206    -0.0121136   -0.00916941   -0.00679038   -0.00444966   -0.00307652   -0.00202455   -0.00104171  -0.000500946  -0.000293935  -0.000173178 -6.23203e-005 -1.49586e-005 -4.24379e-006 -2.15428e-006  -2.1995e-006 -3.63118e-006 -5.00996e-006 -2.14308e-006  -3.3363e-007 -5.08757e-008 -1.47229e-008 -1.13558e-008 -2.54925e-008             0  -4.3363e-007  4.77064e-006  3.04142e-005  4.99932e-005   3.7158e-005  1.78488e-005  6.86855e-006  4.03868e-006  3.17946e-006  1.95275e-006  9.90004e-007  5.71039e-007  3.48398e-007  1.81929e-007  9.29986e-008  5.78871e-008  3.43788e-008  1.15903e-008  2.54145e-009  6.61815e-010  3.10405e-010  2.94109e-010  4.53349e-010  5.96232e-010  2.55576e-010  4.10094e-011  6.43758e-012  1.90468e-012  1.49213e-012  3.38253e-012             0             0  -0.000917811
   -0.0364372    -0.0525924     -0.424705      -1.74986      -2.35219       -1.4195      -0.54474     -0.294382     -0.231337     -0.165129     -0.102902    -0.0692875    -0.0454022     -0.023631    -0.0115824   -0.00691754    -0.0040992   -0.00145939  -0.000344849 -9.64653e-005 -4.83679e-005 -4.88379e-005 -7.98477e-005  -0.000109466 -4.68616e-005 -7.33003e-006  -1.1229e-006 -3.26119e-007 -2.52182e-007  -5.6705e-007             0  1.20659e-005  3.04142e-005   0.000492866   0.000787058   0.000601378   0.000299228   0.000119612  7.28357e-005  5.89957e-005  3.70575e-005  1.91459e-005  1.12274e-005  6.94628e-006  3.66753e-006  1.89043e-006  1.18408e-006  7.06768e-007  2.39356e-007  5.26958e-008  1.37698e-008  6.47753e-009   6.1535e-009  9.50702e-009  1.25254e-008  5.37247e-009  8.62018e-010  1.35299e-010  4.00266e-011  3.13552e-011  7.10792e-011             0             0   -0.00393121
    -0.019782    0.00363868       0.59753     -0.559073      -2.01315      -1.45275     -0.569034     -0.295671     -0.235516     -0.189625     -0.134215    -0.0978619    -0.0666124    -0.0349579     -0.016993    -0.0100404   -0.00596999   -0.00217932  -0.000530638  -0.000152323 -7.80665e-005 -8.03407e-005  -0.000133503  -0.000185023 -7.92283e-005 -1.23221e-005 -1.87682e-006 -5.42626e-007 -4.18259e-007 -9.38603e-007             0  1.91365e-005  4.99932e-005   0.000787058    0.00135326     0.0010984   0.000571045   0.000233881   0.000145399   0.000120476  7.73715e-005  4.06911e-005  2.41578e-005  1.50746e-005  8.01403e-006   4.1561e-006   2.6167e-006  1.56762e-006  5.31804e-007  1.17126e-007  3.05966e-008  1.43819e-008  1.36466e-008  2.10542e-008  2.77091e-008  1.18894e-008  1.90992e-009  3.00092e-010  8.88502e-011  6.96411e-011  1.57928e-010             0             0  -0.000461532
     0.017342      0.079253       1.63388       1.88317      0.527221    -0.0200587    0.00543252     0.0473481     0.0466214   -0.00468619    -0.0353961     -0.039521    -0.0309555    -0.0164192   -0.00752455   -0.00413202   -0.00246052   -0.00100566  -0.000276904 -8.73448e-005 -4.81431e-005 -5.25426e-005 -9.15167e-005  -0.000130687  -5.5974e-005 -8.56349e-006 -1.28256e-006  -3.6585e-007 -2.79259e-007 -6.22798e-007             0  1.41601e-005   3.7158e-005   0.000601378     0.0010984   0.000965182   0.000526793   0.000224575   0.000144322   0.000123824  8.22833e-005  4.45351e-005  2.70077e-005  1.71123e-005  9.20563e-006  4.82191e-006  3.06125e-006  1.84532e-006  6.28303e-007  1.38627e-007  3.62375e-008  1.70311e-008  1.61479e-008  2.48838e-008  3.27186e-008  1.40474e-008  2.25991e-009  3.55556e-010  1.05377e-010  8.26538e-011  1.87525e-010             0             0    0.00152221
    0.0154369     0.0527535       1.00696       1.50583      0.936956      0.402581      0.181055        0.1402      0.126923     0.0669994     0.0176722  -0.000546513   -0.00449455   -0.00250551  -0.000692549 -4.18677e-005 -2.06577e-005  -0.000129056 -6.83715e-005 -2.87969e-005  -1.8736e-005 -2.28316e-005 -4.29431e-005 -6.41264e-005 -2.74973e-005  -4.1113e-006 -6.00708e-007 -1.67857e-007  -1.2617e-007 -2.78588e-007             0  6.63154e-006  1.78488e-005   0.000299228   0.000571045   0.000526793   0.000308757   0.000135495  9.21849e-005  8.28877e-005   5.7582e-005  3.24104e-005  2.02959e-005  1.31892e-005  7.23849e-006  3.85301e-006    2.478e-006  1.50899e-006  5.17716e-007  1.14864e-007  3.01472e-008  1.42094e-008  1.34989e-008  2.08284e-008  2.74125e-008  1.17828e-008  1.89787e-009  2.98889e-010  8.86489e-011  6.95714e-011  1.57907e-010             0             0    0.00165408
   0.00525583     0.0160723      0.297801      0.512427      0.396202      0.200661     0.0901361     0.0667093     0.0613995     0.0352934     0.0114077    0.00147115   -0.00145728   -0.00105188  -0.000319726 -2.97661e-005  -3.4059e-005 -8.63412e-005 -4.32466e-005 -1.79856e-005 -1.16513e-005 -1.41679e-005 -2.66164e-005 -3.97618e-005  -1.7114e-005  -2.5731e-006 -3.77919e-007 -1.06055e-007 -7.99791e-008 -1.77007e-007             0   2.4657e-006  6.86855e-006   0.000119612   0.000233881   0.000224575   0.000135495  6.71252e-005  4.46488e-005  4.36083e-005  3.18567e-005  1.87681e-005  1.22318e-005  8.22024e-006  4.63688e-006   2.5232e-006  1.65151e-006   1.0199e-006  3.53892e-007  7.92298e-008  2.09437e-008  9.92734e-009  9.47337e-009  1.46696e-008  1.93597e-008  8.33593e-009  1.34412e-009  2.11843e-010  6.28681e-011  4.93612e-011  1.12076e-010             0             0   0.000584015
   0.00208556    0.00467357      0.071725      0.176879      0.194811       0.11567     0.0493107     0.0325607     0.0286164      0.015867    0.00344825   -0.00240776   -0.00410284    -0.0029179    -0.0015743   -0.00096999  -0.000654049  -0.000305901 -9.29587e-005 -3.13155e-005 -1.80702e-005 -2.03873e-005 -3.63859e-005 -5.28541e-005 -2.28607e-005 -3.51617e-006  -5.2848e-007 -1.51144e-007 -1.15609e-007 -2.58273e-007             0  1.40531e-006  4.03868e-006  7.28357e-005   0.000145399   0.000144322  9.21849e-005  4.46488e-005  3.73488e-005  3.36789e-005  2.70318e-005  1.67765e-005  1.14594e-005  8.02159e-006  4.68229e-006  2.62019e-006  1.75401e-006  1.10291e-006  3.88315e-007  8.79628e-008  2.34706e-008  1.12083e-008  1.07597e-008  1.67415e-008  2.21753e-008  9.57075e-009  1.54544e-009   2.4382e-010  7.24141e-011  5.68908e-011  1.29235e-010             0             0   -0.00064736
   0.00144928    0.00104574    -0.0145475      0.077879      0.184699      0.136439     0.0570822     0.0323099     0.0263311     0.0167107    0.00572924   -0.00105039   -0.00425377   -0.00383696   -0.00247273   -0.00175068   -0.00124165  -0.000556898  -0.000161889 -5.30854e-005 -3.00978e-005 -3.35138e-005 -5.92192e-005 -8.56286e-005 -3.72564e-005 -5.79574e-006  -8.8028e-007 -2.53856e-007 -1.95367e-007 -4.38272e-007             0  1.08127e-006  3.17946e-006  5.89957e-005   0.000120476   0.000123824  8.28877e-005  4.36083e-005  3.36789e-005  4.00807e-005  2.94673e-005  2.02353e-005  1.45725e-005  1.06855e-005  6.48909e-006  3.75326e-006   2.5815e-006  1.65916e-006  5.94511e-007  1.36563e-007  3.68407e-008  1.77451e-008  1.71499e-008  2.68246e-008  3.56746e-008  1.54418e-008  2.49867e-009  3.94825e-010  1.17402e-010  9.23188e-011  2.09862e-010             0             0   -0.00116772
   0.00136877   0.000356425    -0.0340731     0.0648021      0.214726      0.177116     0.0805104     0.0491004     0.0449904     0.0371558     0.0235616     0.0136357    0.00642744    0.00201084   0.000488688  6.81038e-005  -0.000162666  -0.000196609 -8.62547e-005 -3.48905e-005 -2.24733e-005 -2.72851e-005 -5.12525e-005 -7.70213e-005 -3.38814e-005 -5.24765e-006 -7.91697e-007 -2.27015e-007 -1.74014e-007 -3.89555e-007             0  6.53081e-007  1.95275e-006  3.70575e-005  7.73715e-005  8.22833e-005   5.7582e-005  3.18567e-005  2.70318e-005  2.94673e-005  2.95157e-005  1.75158e-005  1.43541e-005  1.10763e-005  7.03018e-006  4.22233e-006  2.99737e-006  1.97721e-006  7.23501e-007   1.6898e-007  4.61828e-008  2.24704e-008  2.18858e-008  3.44355e-008  4.60047e-008  1.99842e-008  3.24273e-009  5.13501e-010  1.52941e-010  1.20415e-010   2.7399e-010             0             0   -0.00070263
   0.00110905   0.000283967    -0.0288592     0.0564725      0.195219      0.170116     0.0827984     0.0549024     0.0555153     0.0518358     0.0389037     0.0286793     0.0194082     0.0103803    0.00540011    0.00348489    0.00209573   0.000646008   0.000113534  1.99496e-005  4.11221e-006 -1.61879e-006 -1.13614e-005 -2.44869e-005 -1.13596e-005 -1.62592e-006 -2.21442e-007 -5.78069e-008  -4.1141e-008 -8.78231e-008             0  3.26336e-007  9.90004e-007  1.91459e-005  4.06911e-005  4.45351e-005  3.24104e-005  1.87681e-005  1.67765e-005  2.02353e-005  1.75158e-005  1.66262e-005  1.00531e-005  9.26308e-006  6.17626e-006  3.87302e-006  2.85339e-006  1.94201e-006  7.29134e-007  1.73851e-007   4.8296e-008  2.37999e-008  2.34099e-008  3.71122e-008  4.98679e-008  2.17613e-008  3.54383e-009  5.62747e-010  1.67966e-010  1.32459e-010  3.01765e-010             0             0   0.000193241
  0.000845251 -7.85251e-005    -0.0317625     0.0373839      0.166388      0.153263     0.0773556     0.0529233     0.0562689     0.0572621     0.0476661     0.0391774     0.0295871     0.0174999    0.00987901    0.00681368    0.00442952    0.00155473   0.000334541  8.13545e-005  3.39192e-005   2.6924e-005  3.23154e-005  3.21648e-005  1.29903e-005  2.34882e-006  4.13469e-007    1.327e-007  1.09662e-007  2.56428e-007             0  1.85683e-007  5.71039e-007  1.12274e-005  2.41578e-005  2.70077e-005  2.02959e-005  1.22318e-005  1.14594e-005  1.45725e-005  1.43541e-005  1.00531e-005   1.2388e-005  7.15103e-006  5.95116e-006  3.91926e-006  3.01535e-006  2.13045e-006  8.25477e-007  2.01975e-007  5.72881e-008  2.87005e-008  2.85976e-008   4.5794e-008  6.20126e-008  2.72238e-008  4.45405e-009  7.09821e-010  2.12445e-010  1.67887e-010  3.83085e-010             0             0   0.000757628
   0.00057122  -0.000570077    -0.0380562     0.0121203      0.128892       0.12684     0.0647243     0.0435123     0.0467355     0.0516069      0.047372       0.04232     0.0341635      0.021226     0.0124323    0.00887758    0.00602585    0.00223735   0.000511964   0.000132637  5.92742e-005  5.12268e-005  6.89959e-005  7.87856e-005  3.29426e-005  5.64336e-006  9.46716e-007  2.94451e-007  2.38732e-007  5.52612e-007             0   1.1195e-007  3.48398e-007  6.94628e-006  1.50746e-005  1.71123e-005  1.31892e-005  8.22024e-006  8.02159e-006  1.06855e-005  1.10763e-005  9.26308e-006  7.15103e-006   1.0363e-005  4.47477e-006  4.01645e-006  3.24566e-006  2.39511e-006  9.63469e-007  2.43272e-007  7.08057e-008   3.6219e-008  3.66922e-008  5.95277e-008  8.14336e-008    3.603e-008  5.93024e-009  9.49433e-010  2.85165e-010  2.25963e-010   5.1667e-010             0             0    0.00084398
