IGOR
WAVES/D/O/N=(20, 20)	Hff
BEGIN
 2.45266e+006 -2.94209e+006        491010        597.23       650.275       723.518       812.301       900.159       962.863       979.915       944.332       863.143       742.446       601.757       459.924       333.928       232.681        158.16        106.39       71.3859
-2.94209e+006  4.41652e+006 -1.95935e+006        492888       2623.19       2900.16       3244.92       3588.46        3833.2       3897.36       3753.15       3428.52       2947.63       2387.95       1824.34        1324.1       922.372       626.825       421.577       282.833
       491010 -1.95935e+006  2.95048e+006 -1.95525e+006        496744       6756.49        7451.1       8172.37       8684.02        8797.6       8449.44       7702.41       6610.02       5345.72       4077.69       2955.87       2056.97       1396.77       938.836       629.562
       597.23        492888 -1.95525e+006  2.95526e+006 -1.95153e+006        500690       11029.1       11949.2         12604       12706.7       12160.6         11055       9464.73        7637.4       5814.25       4207.98       2924.55       1983.93       1332.49       893.013
      650.275       2623.19        496744 -1.95153e+006  2.96394e+006 -1.94461e+006        507372       17869.4       18593.9         18589       17687.8       16010.6       13658.4       10985.4       8339.04       6021.38       4177.14       2829.61        1898.4        1271.2
      723.518       2900.16       6756.49        500690 -1.94461e+006  2.98058e+006 -1.93198e+006        519320       29141.1       28661.3       26991.5       24255.4       20574.1       16465.4       12445.5       8955.86       6195.85       4188.18       2805.28       1876.07
      812.301       3244.92        7451.1       11029.1        507372 -1.93198e+006   2.9881e+006 -1.92145e+006        529041       37179.5       34618.3       30884.1       26059.1       20765.6       15639.9       11222.9       7746.83       5227.51       3496.74       2336.05
      900.159       3588.46       8172.37       11949.2       17869.4        519320 -1.92145e+006  3.01797e+006 -1.89528e+006        548795       52529.5       45997.7       38332.4       30255.8         22614       16131.2       11083.2       7452.08       4971.03       3313.82
      962.863        3833.2       8684.02         12604       18593.9       29141.1        529041 -1.89528e+006  3.02857e+006   -1.887e+006        554322       54821.4       45190.1       35415.8       26333.5       18711.2       12817.2       8598.06        5725.2        3811.2
      979.915       3897.36        8797.6       12706.7         18589       28661.3       37179.5        548795   -1.887e+006  3.06563e+006 -1.86599e+006        565638         59983       46132.6       33864.7       23841.2       16218.8       10823.4       7178.39       4763.83
      944.332       3753.15       8449.44       12160.6       17687.8       26991.5       34618.3       52529.5        554322 -1.86599e+006  3.06332e+006 -1.87698e+006        554960       48722.5         35408       24765.8       16770.8       11154.3       7379.07       4887.38
      863.143       3428.52       7702.41         11055       16010.6       24255.4       30884.1       45997.7       54821.4        565638 -1.87698e+006   3.0698e+006 -1.87665e+006        549783         41770       28683.9       19189.7       12654.2       8318.76       5483.47
      742.446       2947.63       6610.02       9464.73       13658.4       20574.1       26059.1       38332.4       45190.1         59983        554960 -1.87665e+006   3.0399e+006 -1.89572e+006        533215       28590.9       18854.7       12320.8       8048.91       5281.26
      601.757       2387.95       5345.72        7637.4       10985.4       16465.4       20765.6       30255.8       35415.8       46132.6       48722.5        549783 -1.89572e+006  3.00823e+006 -1.91995e+006        517083         17242       11151.3       7236.49       4725.92
      459.924       1824.34       4077.69       5814.25       8339.04       12445.5       15639.9         22614       26333.5       33864.7         35408         41770        533215 -1.91995e+006  2.99337e+006 -1.93373e+006        507363       10636.4       6792.02       4389.13
      333.928        1324.1       2955.87       4207.98       6021.38       8955.86       11222.9       16131.2       18711.2       23841.2       24765.8       28683.9       28590.9        517083 -1.93373e+006  2.96863e+006 -1.94599e+006        499687       5747.25       3660.01
      232.681       922.372       2056.97       2924.55       4177.14       6195.85       7746.83       11083.2       12817.2       16218.8       16770.8       19189.7       18854.7         17242        507363 -1.94599e+006  2.95886e+006 -1.95349e+006        495233       2968.87
       158.16       626.825       1396.77       1983.93       2829.61       4188.18       5227.51       7452.08       8598.06       10823.4       11154.3       12654.2       12320.8       11151.3       10636.4        499687 -1.95349e+006   2.9536e+006 -1.95761e+006        492852
       106.39       421.577       938.836       1332.49        1898.4       2805.28       3496.74       4971.03        5725.2       7178.39       7379.07       8318.76       8048.91       7236.49       6792.02       5747.25        495233 -1.95761e+006  2.45881e+006       -978834
      71.3859       282.833       629.562       893.013        1271.2       1876.07       2336.05       3313.82        3811.2       4763.83       4887.38       5483.47       5281.26       4725.92       4389.13       3660.01       2968.87        492852       -978834        492818
END
