IGOR
WAVES/D/O/N=(64, 64)	Hess
BEGIN
      1452.63       85.8341       8.38519       7.07011       99.0185       14622.6       22595.1       9654.96       254.807        43.706       69.9611       479.659       1749.35        1948.2       1345.92       653.103       377.759       337.579       288.345       182.863       107.186       94.2056       112.651       105.092       45.5444       4.49334      0.508168      0.139445       0.13647      0.566277       8.80701    0.00176638 -4.44824e-005 -1.29109e-005 -1.58788e-005  -0.000249546    -0.0362251    -0.0255808    0.00123606   0.000239434  6.65118e-005   0.000134855    0.00105657    0.00418506    0.00491333     0.0034671    0.00167989   0.000962795   0.000852191   0.000722287   0.000455877   0.000266689   0.000234359   0.000280518   0.000262142   0.000113829  1.12487e-005  1.27365e-006  3.49795e-007  3.42543e-007  1.42202e-006  2.21468e-005       3.53773             0
      85.8341       8.01891     -0.685897      0.738002       6.24687       930.731       1448.53       622.722       16.5192       2.84546       4.57038       31.4204       114.839       128.107       88.6198       43.0465       24.9182       22.2814       19.0407       12.0795       7.08236       6.22595       7.44611       6.94729       3.01106      0.297086     0.0336002    0.00922052    0.00902407     0.0374458      0.582416   0.000238494  5.13661e-006   -1.485e-007 -5.23457e-007  -1.0793e-005   -0.00181516   -0.00125709   0.000122439  1.43383e-005  3.83178e-006  7.65501e-006  5.94238e-005   0.000233792   0.000272976   0.000191155  9.17005e-005  5.20388e-005    4.567e-005  3.84454e-005  2.41445e-005  1.40774e-005  1.23442e-005  1.47562e-005    1.378e-005  5.98174e-006  5.91002e-007  6.69061e-008  1.83725e-008  1.79895e-008   7.4674e-008  1.16264e-006       -2.9975             0
      8.38519     -0.685897       1.82568       -1.1434      0.900742       91.0016       142.916       61.9272       1.65404      0.286549      0.462422       3.19113       11.6986       13.0813       9.06605       4.41022       2.55581       2.28736       1.95598       1.24151      0.728197      0.640331      0.765994      0.714799      0.309845     0.0305738    0.00345812   0.000949025   0.000928845    0.00385441     0.0599559  2.96788e-005   1.0019e-006  3.36023e-008 -1.27838e-008 -6.21924e-007  -0.000133077 -8.84835e-005  1.62829e-005   1.3283e-006  3.39241e-007  6.64983e-007  5.09692e-006   1.9857e-005  2.29934e-005  1.59133e-005  7.51562e-006  4.19734e-006  3.63171e-006  3.02171e-006   1.8812e-006  1.09027e-006  9.52288e-007  1.13557e-006  1.05903e-006   4.5941e-007  4.53713e-008   5.1346e-009  1.40956e-009  1.37985e-009  5.72665e-009  8.91082e-008     -0.384506             0
      7.07011      0.738002       -1.1434       1.81669     -0.631406       84.7865       134.166       58.7213       1.58247       0.27626      0.448694       3.11279       11.4601       12.8582       8.93536       4.35582       2.52844       2.26573       1.93937       1.23189      0.722966      0.636006       0.76107      0.710382      0.307988     0.0303949    0.00343827   0.000943655   0.000923648    0.00383303     0.0596323  2.99195e-005  1.21064e-006  6.34355e-008  1.71641e-008 -2.16728e-007 -8.34497e-005  -4.9337e-005  1.97375e-005  1.17879e-006  2.83101e-007  5.38435e-007  4.03552e-006  1.54309e-005   1.7574e-005  1.18859e-005  5.44178e-006  2.93945e-006  2.46518e-006  1.99662e-006  1.21713e-006  6.94892e-007  6.00786e-007   7.1173e-007  6.61241e-007  2.86269e-007  2.82343e-008  3.19171e-009  8.75404e-010  8.56341e-010  3.55198e-009  5.51695e-008     -0.280058             0
      99.0185       6.24687      0.900742     -0.631406       9.91938        1257.1       2024.72       897.097       24.4537       4.31257       7.06588       49.3805       182.901       206.218       143.864       70.3482       40.9343       36.7502       31.5024       20.0327       11.7667       10.3581       12.4011       11.5795       5.02175      0.495698     0.0560825     0.0153941     0.0150692     0.0625399      0.973184   0.000442181  1.99204e-005  1.24922e-006  5.81353e-007  1.35221e-006  -0.000677711   -0.00023718   0.000375255  1.70874e-005  3.77529e-006  6.82722e-006   4.9011e-005   0.000180033    0.00019723   0.000126258  5.33829e-005  2.61893e-005  1.98076e-005  1.44814e-005   8.0588e-006  4.27784e-006  3.50337e-006  3.99721e-006  3.62813e-006  1.54977e-006  1.51446e-007  1.69908e-008  4.63145e-009  4.50836e-009  1.86281e-008   2.8573e-007       -1.9264             0
      14622.6       930.731       91.0016       84.7865        1257.1        197395        322369        144994       4009.25        716.44        1187.7       8384.88       31322.6       35564.2       24952.2         12257       7157.81       6444.27       5536.12       3526.41          2074       1827.53       2189.62       2045.73       887.575       87.6417       9.91816       2.72297       2.66588       11.0651       172.245      0.064656    0.00313506   0.000218563    0.00012462   0.000772468    -0.0272298     0.0390656     0.0737148    0.00269494   0.000537127   0.000896326    0.00591625     0.0197839     0.0194558     0.0104006    0.00307179   0.000646317  -0.000287622  -0.000837148  -0.000810081  -0.000589661  -0.000587449  -0.000757704  -0.000739263  -0.000328995 -3.30584e-005 -3.79277e-006 -1.05253e-006 -1.03909e-006 -4.34061e-006 -6.89475e-005       3.02176             0
      22595.1       1448.53       142.916       134.166       2024.72        322369        535258        244959       6892.43        1252.3       2108.17       15087.7       57028.5       65392.9       46253.1       22868.9       13424.3       12135.5       10458.6       6678.43       3935.31       3472.73       4165.49       3895.11       1691.07       167.064       18.9134       5.19406       5.08628       21.1149       328.858     0.0730531    0.00354814    0.00024629   0.000135703   0.000667957    -0.0923691   -0.00347051      0.101041    0.00438274   0.000976521    0.00178872     0.0128908     0.0470307     0.0506088     0.0307373     0.0116003    0.00468549    0.00258758    0.00109589   0.000164978  -0.000120983  -0.000236603  -0.000385496  -0.000418115  -0.000196103 -2.03682e-005 -2.39672e-006 -6.78193e-007 -6.79551e-007 -2.87086e-006 -4.72027e-005      -1.41546             0
      9654.96       622.722       61.9272       58.7213       897.097        144994        244959        114280       3279.56       608.578       1044.02       7605.94       29205.2       33944.5       24281.5       12116.6       7165.42       6515.69       5641.35       3615.34       2136.33       1889.28       2269.92       2125.28       923.591       91.3114       10.3432       2.84171       2.78366       11.5588       180.165     0.0204666   0.000962648  6.27698e-005  2.84766e-005 -2.82928e-005    -0.0739851    -0.0496809     0.0293145    0.00182772    0.00048209   0.000997864    0.00798575     0.0320372     0.0376654     0.0254178     0.0111405    0.00558824    0.00427449    0.00313427    0.00174085   0.000920949   0.000751923   0.000856424   0.000777347   0.000332446  3.25255e-005  3.65163e-006  9.95787e-007  9.69543e-007  4.00658e-006  6.14723e-005       1.82419             0
      254.807       16.5192       1.65404       1.58247       24.4537       4009.25       6892.43       3279.56       98.0791       17.0902       32.4006       239.102       936.746       1108.16       804.714         406.6       242.909       222.691       194.058       124.996       74.1532       65.7787       79.2175       74.3039       32.3352       3.20022      0.362795     0.0997359     0.0977439      0.406013       6.33558   0.000357137  1.60925e-005  9.53018e-007  2.76606e-007 -5.54933e-006   -0.00245198   -0.00221387   0.000415826  4.37195e-005  1.34421e-005  3.06795e-005   0.000265094    0.00113391    0.00140782    0.00100034    0.00046277   0.000245737   0.000199375    0.00015511  9.10442e-005  5.04747e-005  4.27618e-005   5.0042e-005  4.62445e-005  2.00008e-005  1.97256e-006  2.22899e-007  6.11012e-008  5.97364e-008  2.47652e-007  3.83952e-006      -1.27277             0
       43.706       2.84546      0.286549       0.27626       4.31257        716.44        1252.3       608.578       17.0902       5.33619       5.23076       49.3356        196.84       238.003       176.145       90.4405       54.7514        50.737       44.5948       28.9202       17.2481       15.3636       18.5616       17.4532       7.60954      0.754205     0.0855951     0.0235507     0.0230951     0.0959802       1.50002  3.87225e-005  1.60974e-006  7.63077e-008 -1.10463e-008 -1.52566e-006  -0.000475966  -0.000509543  3.46867e-006  6.06867e-006  2.24954e-006  5.68127e-006  5.29107e-005   0.000240588   0.000314365   0.000233429    0.00011235  6.18508e-005  5.18474e-005  4.15274e-005  2.49879e-005  1.41331e-005  1.21596e-005  1.43935e-005   1.3409e-005  5.83191e-006   5.7755e-007   6.5474e-008   1.7993e-008  1.76254e-008  7.31799e-008     1.14e-006      -0.33803             0
      69.9611       4.57038      0.462422      0.448694       7.06588        1187.7       2108.17       1044.02       32.4006       5.23076       13.6814       92.4255       386.573       479.145       362.775       189.957       116.911        109.82       97.5918       63.8463       38.3424       34.3381       41.6604       39.2998       17.1774       1.70576      0.193871     0.0534013     0.0524128      0.217962       3.41337  3.68108e-005  1.30196e-006  2.69309e-008 -7.92856e-008 -2.98768e-006  -0.000801179  -0.000964898  -0.000100332  6.64346e-006  3.20875e-006  9.05526e-006  9.10402e-005   0.000440264   0.000605765   0.000469276   0.000233787   0.000132392   0.000113578  9.27044e-005  5.66474e-005   3.2443e-005  2.81954e-005   3.3644e-005  3.15421e-005  1.37866e-005  1.37055e-006  1.55827e-007  4.29184e-008  4.21128e-008  1.75077e-007  2.73852e-006     -0.387397             0
      479.659       31.4204       3.19113       3.11279       49.3805       8384.88       15087.7       7605.94       239.102       49.3356       92.4255       760.372       3223.85       4116.03        3198.3        1713.7        1075.8       1027.47       925.607       612.263       370.936       334.508       408.043       386.544       169.502       16.8741       1.92153      0.530056      0.520825       2.16772       34.0392    0.00013517  3.11692e-006 -2.33496e-007  -7.9098e-007 -2.21048e-005   -0.00546541   -0.00718798   -0.00131079  2.22975e-005  1.76651e-005  5.68489e-005   0.000619921    0.00319678    0.00464509    0.00376062    0.00193877    0.00112761   0.000987742   0.000819432   0.000507389     0.0002939    0.00025793   0.000310378   0.000293114   0.000128905  1.28769e-005  1.46945e-006  4.05851e-007  3.99075e-007  1.66174e-006  2.61249e-005      0.453791             0
      1749.35       114.839       11.6986       11.4601       182.901       31322.6       57028.5       29205.2       936.746        196.84       386.573       3223.85       14139.7       18594.6       14869.7       8177.61       5253.23       5117.61       4687.53       3143.34       1925.54       1751.81       2151.81       2049.53       902.535       90.1414       10.2905       2.84411       2.79869       11.6615       183.771   0.000198083 -2.90357e-006 -1.83285e-006 -3.39357e-006  -8.1947e-005    -0.0191934    -0.0270677   -0.00661274 -2.81235e-006  4.49638e-005   0.000173656    0.00207891     0.0115036      0.017754     0.0150984    0.00809252    0.00485658    0.00436471    0.00369838    0.00233217    0.00137314    0.00122272    0.00149018    0.00142288   0.000631572  6.35548e-005  7.29327e-006  2.02293e-006  1.99562e-006  8.33024e-006   0.000131993      0.374637             0
       1948.2       128.107       13.0813       12.8582       206.218       35564.2       65392.9       33944.5       1108.16       238.003       479.145       4116.03       18594.6       25226.2       20787.1       11764.3       7756.93       7733.42       7225.96       4927.31       3060.22       2815.32       3489.05       3346.61       1481.83       148.631       17.0236       4.71693       4.65061       19.4068       307.278 -4.27468e-006 -1.37607e-005 -2.71659e-006 -4.05148e-006 -8.94915e-005    -0.0201263    -0.0300265   -0.00886207  -8.7428e-005  2.72056e-005   0.000145564    0.00196115     0.0117658     0.0194373     0.0174834     0.0098128    0.00612792    0.00570543    0.00499003    0.00323924    0.00195861    0.00178579    0.00222121    0.00215764   0.000971258  9.88224e-005   1.1437e-005  3.19296e-006  3.16553e-006  1.32639e-005   0.000212726     -0.173251             0
      1345.92       88.6198       9.06605       8.93536       143.864       24952.2       46253.1       24281.5       804.714       176.145       362.775        3198.3       14869.7       20787.1       17669.9       10304.6       6993.78       7158.34        6846.8       4763.83       3009.27       2807.37       3518.73       3405.65       1518.73       153.182       17.6209       4.89874       4.84227       20.2464       322.599 -6.83149e-005 -1.16094e-005 -1.88469e-006 -2.60067e-006  -5.5313e-005    -0.0122383    -0.0189931   -0.00625034 -9.27821e-005  6.62376e-006  6.89267e-005    0.00106164    0.00691093     0.0122215     0.0116199    0.00682195    0.00443152    0.00427921    0.00387369    0.00260047    0.00162468      0.001527    0.00195113    0.00193963   0.000889993  9.19307e-005  1.07634e-005  3.03168e-006  3.02608e-006  1.27455e-005   0.000207816      0.119977             0
      653.103       43.0465       4.41022       4.35582       70.3482         12257       22868.9       12116.6         406.6       90.4405       189.957        1713.7       8177.61       11764.3       10304.6       6202.43       4337.33       4572.21       4491.27       3199.86       2063.06       1957.99       2489.07       2436.79       1096.63       111.407       12.8877       3.59856        3.5691       14.9617       240.396 -3.14493e-005 -4.71532e-006 -7.44116e-007 -1.01649e-006 -2.15972e-005   -0.00480763   -0.00764418   -0.00265209  -4.5644e-005  2.82361e-007  2.25629e-005   0.000389925    0.00271329    0.00508825    0.00507742    0.00309797    0.00208229    0.00207856    0.00194608    0.00135454   0.000879309   0.000858015     0.0011346    0.00116234   0.000546912  5.76248e-005  6.85025e-006  1.95204e-006  1.96582e-006   8.3361e-006   0.000138893    -0.0798646             0
      377.759       24.9182       2.55581       2.52844       40.9343       7157.81       13424.3       7165.42       242.909       54.7514       116.911        1075.8       5253.23       7756.93       6993.78       4337.33       3134.26       3403.84       3445.36       2521.71       1665.24       1613.37       2086.81       2072.29       943.396       96.7234       11.2703       3.16479       3.15268        13.261       215.426 -1.06086e-005 -1.86993e-006 -3.08182e-007 -4.31666e-007 -9.35503e-006   -0.00212275   -0.00342172   -0.00121075 -2.19432e-005 -2.84384e-007   9.3646e-006   0.000172626    0.00125505    0.00246386     0.0025615    0.00161785    0.00112399    0.00116231    0.00113169   0.000823669   0.000561274   0.000574376   0.000792999   0.000843175   0.000409087  4.41527e-005  5.34654e-006  1.54523e-006  1.57306e-006  6.72594e-006   0.000115062     -0.219218             0
      337.579       22.2814       2.28736       2.26573       36.7502       6444.27       12135.5       6515.69       222.691        50.737        109.82       1027.47       5117.61       7733.42       7158.34       4572.21       3403.84       3822.72       3987.82       3008.27        2041.1       2025.68       2674.88       2702.77       1248.09       129.446       15.2222       4.30553       4.31335       18.2228       300.314 -2.41427e-006 -9.58703e-007 -1.78367e-007 -2.64458e-007 -5.94653e-006   -0.00138908   -0.00225157  -0.000792707 -1.42212e-005 -7.11201e-008  6.69227e-006   0.000122847   0.000909107    0.00184112    0.00198012    0.00129268   0.000930866    0.00100388    0.00102655   0.000790098    0.00057101   0.000617792   0.000895649   0.000992144   0.000497583  5.51187e-005  6.81008e-006  1.99901e-006  2.05947e-006   8.8868e-006   0.000156583     0.0674741             0
      288.345       19.0407       1.95598       1.93937       31.5024       5536.12       10458.6       5641.35       194.058       44.5948       97.5918       925.607       4687.53       7225.96        6846.8       4491.27       3445.36       3987.82       4301.89       3345.14       2339.66       2385.68       3226.86       3328.47       1563.83       164.511       19.5685       5.58558       5.63608       23.9449       402.025   2.7842e-006 -3.37196e-007  -8.6976e-008 -1.44047e-007 -3.44061e-006  -0.000837491   -0.00135445  -0.000462098 -7.62795e-006  2.94177e-007  5.09372e-006  8.78648e-005   0.000645998    0.00132949    0.00146854    0.00099001   0.000741527   0.000839598   0.000909325   0.000745556   0.000573954   0.000657761    0.00100192    0.00115638   0.000599608  6.82158e-005   8.6085e-006  2.56938e-006   2.6818e-006  1.16901e-005   0.000212972        0.1398             0
      182.863       12.0795       1.24151       1.23189       20.0327       3526.41       6678.43       3615.34       124.996       28.9202       63.8463       612.263       3143.34       4927.31       4763.83       3199.86       2521.71       3008.27       3345.14        2690.8       1938.73       2038.21          2832       2991.65        1434.6       153.517       18.5184       5.34583        5.4428       23.2876       400.386  3.64014e-006  -1.1295e-008 -2.65279e-008  -5.4467e-008  -1.4251e-006  -0.000365986  -0.000586579  -0.000188739 -2.57303e-006  3.87515e-007  3.00216e-006  4.80341e-005   0.000347016   0.000718973   0.000811678   0.000565042   0.000441664   0.000527623   0.000607999    0.00053196   0.000435666   0.000527768   0.000843769    0.00101519   0.000545342  6.39219e-005  8.26996e-006  2.51925e-006  2.67322e-006  1.18069e-005   0.000225096     0.0784951             0
      107.186       7.08236      0.728197      0.722966       11.7667          2074       3935.31       2136.33       74.1532       17.2481       38.3424       370.936       1925.54       3060.22       3009.27       2063.06       1665.24        2041.1       2339.66       1938.73        1446.7       1564.85       2241.36       2431.28       1193.45       130.284        15.979       4.67571       4.81261       20.7697       367.764  2.57501e-006  5.78716e-008 -5.38744e-009 -1.79685e-008 -5.35439e-007  -0.000146581  -0.000231653 -6.84998e-005 -6.24057e-007  2.92608e-007  1.61105e-006  2.42714e-005   0.000172408   0.000358463   0.000412498   0.000296364   0.000241934   0.000305134   0.000373781   0.000347904   0.000302012   0.000386206   0.000649655   0.000819813   0.000460209  5.61341e-005  7.52127e-006  2.36064e-006   2.5678e-006  1.15723e-005   0.000237056     -0.172217             0
      94.2056       6.22595      0.640331      0.636006       10.3581       1827.53       3472.73       1889.28       65.7787       15.3636       34.3381       334.508       1751.81       2815.32       2807.37       1957.99       1613.37       2025.68       2385.68       2038.21       1564.85       1753.47       2583.48       2885.52       1453.06       162.198       20.2712       6.02464       6.27969       27.3754       501.912  2.27886e-006   7.5604e-008  1.90105e-010 -8.27415e-009 -2.98264e-007 -8.79218e-005  -0.000136462 -3.60081e-005 -8.33633e-008  2.73749e-007  1.25826e-006  1.81527e-005   0.000127247   0.000265241   0.000310364   0.000229572   0.000195162   0.000258786   0.000335092   0.000329813   0.000302373   0.000408762    0.00072892   0.000976797   0.000581586   7.4947e-005  1.05462e-005  3.45162e-006  3.88701e-006  1.80159e-005    0.00040716     -0.136041             0
      112.651       7.44611      0.765994       0.76107       12.4011       2189.62       4165.49       2269.92       79.2175       18.5616       41.6604       408.043       2151.81       3489.05       3518.73       2489.07       2086.81       2674.88       3226.86          2832       2241.36       2583.48       3933.87       4518.17       2338.07       267.202       34.0785       10.3013       10.8875       47.9963       915.366  2.47281e-006   9.5325e-008  2.90898e-009 -4.81732e-009 -2.27779e-007 -7.25583e-005  -0.000110464 -2.54214e-005  1.77786e-007   3.0939e-007  1.28737e-006  1.80625e-005    0.00012558   0.000262615   0.000311883   0.000236722   0.000208581   0.000288973   0.000392687    0.00040613   0.000392196   0.000562351    0.00107306    0.00154661   0.000989232   0.000136129  2.02796e-005  6.96014e-006  8.14541e-006  3.89241e-005   0.000975585      0.011191             0
      105.092       6.94729      0.714799      0.710382       11.5795       2045.73       3895.11       2125.28       74.3039       17.4532       39.2998       386.544       2049.53       3346.61       3405.65       2436.79       2072.29       2702.77       3328.47       2991.65       2431.28       2885.52       4518.17       5346.17       2837.88       332.651       43.2811       13.3168       14.2833       63.7268       1269.64  1.90403e-006  7.76186e-008  3.09765e-009 -2.39052e-009  -1.4508e-007 -4.86774e-005  -7.3235e-005 -1.52631e-005  2.23602e-007  2.43505e-007  9.73218e-007  1.35121e-005  9.39067e-005   0.000197708   0.000238259   0.000185051   0.000168238   0.000242107   0.000343084   0.000370924   0.000376616   0.000574404    0.00118007       0.00184    0.00126807   0.000186343   2.9333e-005  1.05286e-005  1.27696e-005  6.27613e-005    0.00172951    -0.0577502             0
      45.5444       3.01106      0.309845      0.307988       5.02175       887.575       1691.07       923.591       32.3352       7.60954       17.1774       169.502       902.535       1481.83       1518.73       1096.63       943.396       1248.09       1563.83        1434.6       1193.45       1453.06       2338.07       2837.88       1548.62       184.153       24.9373       7.71923       8.40701       37.9901       794.755  6.25811e-007  2.55032e-008  1.01568e-009 -7.91548e-010 -4.78975e-008 -1.60792e-005 -2.42473e-005 -5.09361e-006  7.19278e-008  8.02291e-008  3.22539e-007  4.50383e-006  3.15467e-005  6.71662e-005  8.21811e-005  6.51596e-005  6.08725e-005  9.05212e-005   0.000133028   0.000149659   0.000159407   0.000258635   0.000572055   0.000962112   0.000710191   0.000110647  1.82789e-005  6.82295e-006  8.53942e-006  4.30345e-005    0.00129473       0.69056             0
      4.49334      0.297086     0.0305738     0.0303949      0.495698       87.6417       167.064       91.3114       3.20022      0.754205       1.70576       16.8741       90.1414       148.631       153.182       111.407       96.7234       129.446       164.511       153.517       130.284       162.198       267.202       332.651       184.153       24.4764       1.89323       1.27842       1.08651        4.9767       110.115  4.52855e-008  1.80587e-009  6.53649e-011 -6.99954e-011 -3.76624e-009 -1.23777e-006 -1.88152e-006 -4.16568e-007  4.21306e-009  5.76263e-009  2.37264e-008  3.35191e-007   2.3721e-006  5.11048e-006  6.33924e-006  5.11397e-006  4.88564e-006  7.46373e-006  1.13043e-005  1.31593e-005  1.46403e-005  2.51717e-005  5.95905e-005   0.000107158  8.38881e-005   1.3733e-005   2.3642e-006  9.13148e-007  1.17549e-006  6.06173e-006    0.00019875     -0.256881             0
     0.508168     0.0336002    0.00345812    0.00343827     0.0560825       9.91816       18.9134       10.3432      0.362795     0.0855951      0.193871       1.92153       10.2905       17.0236       17.6209       12.8877       11.2703       15.2222       19.5685       18.5184        15.979       20.2712       34.0785       43.2811       24.9373       1.89323       2.20412      -1.04744      0.451807      0.722136       17.0735  3.78161e-009   1.4806e-010  4.89555e-012 -6.72508e-012  -3.3528e-010 -1.08497e-007 -1.65908e-007 -3.81218e-008  2.82079e-010  4.77797e-010  2.00651e-009  2.86118e-008  2.04127e-007  4.43858e-007  5.56498e-007   4.5503e-007  4.42365e-007  6.90166e-007  1.07048e-006  1.28154e-006  1.48056e-006  2.67937e-006   6.7266e-006  1.27923e-005  1.05116e-005   1.7932e-006  3.19787e-007  1.27302e-007  1.68148e-007  8.86113e-007  3.17035e-005     -0.108092             0
     0.139445    0.00922052   0.000949025   0.000943655     0.0153941       2.72297       5.19406       2.84171     0.0997359     0.0235507     0.0534013      0.530056       2.84411       4.71693       4.89874       3.59856       3.16479       4.30553       5.58558       5.34583       4.67571       6.02464       10.3013       13.3168       7.71923       1.27842      -1.04744        1.8241      -1.13345      0.542648        6.3058  7.73275e-010  2.98952e-011  9.22832e-013 -1.49768e-012 -7.14589e-011 -2.29053e-008  -3.5162e-008  -8.2672e-009  4.77167e-011  9.71894e-011  4.13861e-010  5.94038e-009  4.26303e-008  9.33352e-008  1.17973e-007  9.74659e-008   9.6034e-008  1.52281e-007  2.40619e-007  2.94643e-007  3.51373e-007  6.64124e-007  1.75046e-006  3.48332e-006   2.9768e-006  5.25447e-007  9.65765e-008  3.94908e-008  5.34105e-008  2.87311e-007  1.12533e-005    -0.0628992             0
      0.13647    0.00902407   0.000928845   0.000923648     0.0150692       2.66588       5.08628       2.78366     0.0977439     0.0230951     0.0524128      0.520825       2.79869       4.65061       4.84227        3.5691       3.15268       4.31335       5.63608        5.4428       4.81261       6.27969       10.8875       14.2833       8.40701       1.08651      0.451807      -1.13345       1.83909     -0.894835       8.49069  5.68137e-010  2.17972e-011  6.43576e-013 -1.15449e-012  -5.3789e-011 -1.71505e-008 -2.63908e-008 -6.28818e-009  3.04909e-011  7.11702e-011  3.05761e-010  4.40794e-009   3.1763e-008  6.98901e-008  8.88771e-008  7.40078e-008   7.3673e-008  1.18285e-007  1.89607e-007  2.36394e-007  2.89358e-007  5.66833e-007  1.55383e-006  3.20552e-006  2.82693e-006  5.13209e-007  9.67845e-008  4.05229e-008  5.60005e-008  3.07133e-007  1.32468e-005    -0.0878592             0
     0.566277     0.0374458    0.00385441    0.00383303     0.0625399       11.0651       21.1149       11.5588      0.406013     0.0959802      0.217962       2.16772       11.6615       19.4068       20.2464       14.9617        13.261       18.2228       23.9449       23.2876       20.7697       27.3754       47.9963       63.7268       37.9901        4.9767      0.722136      0.542648     -0.894835       2.89963        44.069  1.77958e-009  6.80199e-011  1.96302e-012 -3.69987e-012 -1.70496e-010 -5.42319e-008 -8.35627e-008 -2.00473e-008  8.79167e-011  2.22556e-010  9.60893e-010  1.38896e-008  1.00364e-007  2.21623e-007  2.83102e-007  2.37148e-007  2.37926e-007  3.85638e-007  6.25037e-007  7.90397e-007  9.88048e-007  1.99209e-006  5.63322e-006  1.19549e-005  1.08101e-005  2.00807e-006  3.86989e-007  1.65393e-007  2.33032e-007  1.30131e-006  6.24075e-005     -0.354997             0
      8.80701      0.582416     0.0599559     0.0596323      0.973184       172.245       328.858       180.165       6.33558       1.50002       3.41337       34.0392       183.771       307.278       322.599       240.396       215.426       300.314       402.025       400.386       367.764       501.912       915.366       1269.64       794.755       110.115       17.0735        6.3058       8.49069        44.069       4851.58             0             0             0             0             0             0             0             0             0             0             0             0             0             0             0             0             0             0             0             0             0             0             0             0             0             0             0             0             0             0             0      0.391589             0
   0.00176638   0.000238494  2.96788e-005  2.99195e-005   0.000442181      0.064656     0.0730531     0.0204666   0.000357137  3.87225e-005  3.68108e-005    0.00013517   0.000198083 -4.27468e-006 -6.83149e-005 -3.14493e-005 -1.06086e-005 -2.41427e-006   2.7842e-006  3.64014e-006  2.57501e-006  2.27886e-006  2.47281e-006  1.90403e-006  6.25811e-007  4.52855e-008  3.78161e-009  7.73275e-010  5.68137e-010  1.77958e-009             0  7.33799e-005 -1.26384e-005  3.33789e-008  2.44356e-008  2.81866e-007  3.37818e-005  4.19582e-005  1.42425e-005  2.95493e-007  3.95236e-008  4.90189e-008   2.5909e-007  7.25605e-007  6.18617e-007  3.26485e-007  1.20864e-007  5.32786e-008  3.62553e-008  2.35659e-008  1.13666e-008  5.06484e-009  3.38263e-009  3.07264e-009  2.17668e-009  7.16091e-010  5.36201e-011  4.60213e-012  9.58362e-013  7.11743e-013   2.2411e-012             0             0    -0.0163546
-4.44824e-005  5.13661e-006   1.0019e-006  1.21064e-006  1.99204e-005    0.00313506    0.00354814   0.000962648  1.60925e-005  1.60974e-006  1.30196e-006  3.11692e-006 -2.90357e-006 -1.37607e-005 -1.16094e-005 -4.71532e-006 -1.86993e-006 -9.58703e-007 -3.37196e-007  -1.1295e-008  5.78716e-008   7.5604e-008   9.5325e-008  7.76186e-008  2.55032e-008  1.80587e-009   1.4806e-010  2.98952e-011  2.17972e-011  6.80199e-011             0 -1.26384e-005  2.61474e-005 -1.30603e-005  1.41958e-009  1.68679e-008  2.07536e-006  2.63336e-006  9.10269e-007  1.91785e-008  2.59791e-009  3.25525e-009  1.73474e-008  4.88999e-008  4.19043e-008  2.22045e-008  8.24535e-009   3.6431e-009  2.48336e-009  1.61624e-009  7.80289e-010  3.47926e-010  2.32485e-010  2.11259e-010  1.49703e-010  4.92625e-011  3.68951e-012  3.16717e-013  6.59622e-014  4.89923e-014  1.54275e-013             0             0  -0.000276962
-1.29109e-005   -1.485e-007  3.36023e-008  6.34355e-008  1.24922e-006   0.000218563    0.00024629  6.27698e-005  9.53018e-007  7.63077e-008  2.69309e-008 -2.33496e-007 -1.83285e-006 -2.71659e-006 -1.88469e-006 -7.44116e-007 -3.08182e-007 -1.78367e-007  -8.6976e-008 -2.65279e-008 -5.38744e-009  1.90105e-010  2.90898e-009  3.09765e-009  1.01568e-009  6.53649e-011  4.89555e-012  9.22832e-013  6.43576e-013  1.96302e-012             0  3.33789e-008 -1.30603e-005  2.61245e-005 -1.30621e-005  1.52604e-009  1.93729e-007  2.52507e-007  8.93574e-008  1.92121e-009  2.64698e-010  3.36325e-010  1.81257e-009  5.15546e-009  4.44946e-009  2.37089e-009  8.84191e-010   3.9195e-010   2.6784e-010  1.74639e-010  8.44284e-011  3.76847e-011  2.52003e-011  2.29127e-011  1.62438e-011   5.3473e-012  4.00606e-013  3.43969e-014  7.16501e-015  5.32238e-015  1.67616e-014             0             0   0.000112979
-1.58788e-005 -5.23457e-007 -1.27838e-008  1.71641e-008  5.81353e-007    0.00012462   0.000135703  2.84766e-005  2.76606e-007 -1.10463e-008 -7.92856e-008  -7.9098e-007 -3.39357e-006 -4.05148e-006 -2.60067e-006 -1.01649e-006 -4.31666e-007 -2.64458e-007 -1.44047e-007  -5.4467e-008 -1.79685e-008 -8.27415e-009 -4.81732e-009 -2.39052e-009 -7.91548e-010 -6.99954e-011 -6.72508e-012 -1.49768e-012 -1.15449e-012 -3.69987e-012             0  2.44356e-008  1.41958e-009 -1.30621e-005  2.61245e-005 -1.30609e-005  1.69493e-007  2.28223e-007  8.31761e-008  1.83553e-009  2.58603e-010   3.3477e-010  1.83202e-009  5.27556e-009  4.59825e-009  2.46931e-009  9.26485e-010  4.12613e-010   2.8296e-010  1.84992e-010  8.96133e-011  4.00595e-011  2.68188e-011  2.44052e-011  1.73135e-011   5.7025e-012  4.27397e-013  3.67091e-014  7.64852e-015  5.68259e-015  1.78985e-014             0             0   0.000119798
 -0.000249546  -1.0793e-005 -6.21924e-007 -2.16728e-007  1.35221e-006   0.000772468   0.000667957 -2.82928e-005 -5.54933e-006 -1.52566e-006 -2.98768e-006 -2.21048e-005  -8.1947e-005 -8.94915e-005  -5.5313e-005 -2.15972e-005 -9.35503e-006 -5.94653e-006 -3.44061e-006  -1.4251e-006 -5.35439e-007 -2.98264e-007 -2.27779e-007  -1.4508e-007 -4.78975e-008 -3.76624e-009  -3.3528e-010 -7.14589e-011  -5.3789e-011 -1.70496e-010             0  2.81866e-007  1.68679e-008  1.52604e-009 -1.30609e-005  2.61414e-005 -1.07201e-005  3.27582e-006  1.23731e-006  2.82111e-008  4.09042e-009  5.42692e-009  3.03142e-008   8.8773e-008  7.84313e-008  4.25751e-008  1.61099e-008  7.22177e-009  4.97753e-009  3.26669e-009  1.58705e-009  7.11018e-010  4.76801e-010   4.3444e-010    3.085e-010  1.01688e-010  7.62604e-012  6.55299e-013  1.36582e-013  1.01502e-013  3.19766e-013             0             0  7.75569e-006
   -0.0362251   -0.00181516  -0.000133077 -8.34497e-005  -0.000677711    -0.0272298    -0.0923691    -0.0739851   -0.00245198  -0.000475966  -0.000801179   -0.00546541    -0.0191934    -0.0201263    -0.0122383   -0.00480763   -0.00212275   -0.00138908  -0.000837491  -0.000365986  -0.000146581 -8.79218e-005 -7.25583e-005 -4.86774e-005 -1.60792e-005 -1.23777e-006 -1.08497e-007 -2.29053e-008 -1.71505e-008 -5.42319e-008             0  3.37818e-005  2.07536e-006  1.93729e-007  1.69493e-007 -1.07201e-005      0.000361   0.000475753   0.000192503  4.56575e-006  6.86119e-007   9.3931e-007  5.38902e-006  1.61362e-005  1.45177e-005  7.99655e-006  3.06096e-006  1.38463e-006  9.61046e-007  6.34121e-007  3.09341e-007  1.39023e-007  9.34489e-008  8.53007e-008  6.06572e-008  2.00156e-008  1.50231e-009  1.29175e-010  2.69366e-011  2.00256e-011  6.31046e-011             0             0   -0.00757117
   -0.0255808   -0.00125709 -8.84835e-005  -4.9337e-005   -0.00023718     0.0390656   -0.00347051    -0.0496809   -0.00221387  -0.000509543  -0.000964898   -0.00718798    -0.0270677    -0.0300265    -0.0189931   -0.00764418   -0.00342172   -0.00225157   -0.00135445  -0.000586579  -0.000231653  -0.000136462  -0.000110464  -7.3235e-005 -2.42473e-005 -1.88152e-006 -1.65908e-007  -3.5162e-008 -2.63908e-008 -8.35627e-008             0  4.19582e-005  2.63336e-006  2.52507e-007  2.28223e-007  3.27582e-006   0.000475753   0.000773219   0.000295302   7.6555e-006  1.20048e-006  1.70749e-006  1.01265e-005   3.1182e-005  2.87092e-005  1.61115e-005  6.25981e-006  2.86516e-006  2.00707e-006  1.33385e-006  6.54315e-007  2.95322e-007  1.99165e-007  1.82258e-007  1.29852e-007  4.29109e-008  3.22432e-009  2.77473e-010  5.78977e-011  4.30639e-011  1.35753e-010             0             0   -0.00197617
   0.00123606   0.000122439  1.62829e-005  1.97375e-005   0.000375255     0.0737148      0.101041     0.0293145   0.000415826  3.46867e-006  -0.000100332   -0.00131079   -0.00661274   -0.00886207   -0.00625034   -0.00265209   -0.00121075  -0.000792707  -0.000462098  -0.000188739 -6.84998e-005 -3.60081e-005 -2.54214e-005 -1.52631e-005 -5.09361e-006 -4.16568e-007 -3.81218e-008  -8.2672e-009 -6.28818e-009 -2.00473e-008             0  1.42425e-005  9.10269e-007  8.93574e-008  8.31761e-008  1.23731e-006   0.000192503   0.000295302    0.00015991  -9.5698e-006  5.74732e-007  8.54635e-007  5.27257e-006  1.67963e-005  1.59105e-005   9.1394e-006  3.61825e-006  1.68105e-006  1.19156e-006  7.99228e-007  3.94884e-007  1.79222e-007  1.21386e-007  1.11447e-007  7.96008e-008  2.63548e-008  1.98315e-009  1.70849e-010  3.56793e-011  2.65549e-011   8.3751e-011             0             0    0.00108679
  0.000239434  1.43383e-005   1.3283e-006  1.17879e-006  1.70874e-005    0.00269494    0.00438274    0.00182772  4.37195e-005  6.06867e-006  6.64346e-006  2.22975e-005 -2.81235e-006  -8.7428e-005 -9.27821e-005  -4.5644e-005 -2.19432e-005 -1.42212e-005 -7.62795e-006 -2.57303e-006 -6.24057e-007 -8.33633e-008  1.77786e-007  2.23602e-007  7.19278e-008  4.21306e-009  2.82079e-010  4.77167e-011  3.04909e-011  8.79167e-011             0  2.95493e-007  1.91785e-008  1.92121e-009  1.83553e-009  2.82111e-008  4.56575e-006   7.6555e-006  -9.5698e-006  2.62204e-005 -1.30455e-005  2.60043e-008  1.67769e-007  5.55899e-007  5.44601e-007  3.21733e-007  1.30327e-007  6.16779e-008  4.43648e-008   3.0103e-008  1.50081e-008  6.85945e-009  4.67104e-009  4.30643e-009  3.08568e-009  1.02411e-009  7.72051e-011  6.66063e-012  1.39247e-012  1.03721e-012  3.27327e-012             0             0 -2.17921e-005
 6.65118e-005  3.83178e-006  3.39241e-007  2.83101e-007  3.77529e-006   0.000537127   0.000976521    0.00048209  1.34421e-005  2.24954e-006  3.20875e-006  1.76651e-005  4.49638e-005  2.72056e-005  6.62376e-006  2.82361e-007 -2.84384e-007 -7.11201e-008  2.94177e-007  3.87515e-007  2.92608e-007  2.73749e-007   3.0939e-007  2.43505e-007  8.02291e-008  5.76263e-009  4.77797e-010  9.71894e-011  7.11702e-011  2.22556e-010             0  3.95236e-008  2.59791e-009  2.64698e-010  2.58603e-010  4.09042e-009  6.86119e-007  1.20048e-006  5.74732e-007 -1.30455e-005  2.61274e-005 -1.30572e-005  3.38846e-008  1.17296e-007  1.19402e-007  7.28824e-008  3.03378e-008  1.46808e-008   1.0751e-008  7.39969e-009  3.73084e-009  1.72019e-009  1.17938e-009  1.09304e-009  7.86361e-010  2.61794e-010  1.97826e-011  1.70976e-012  3.57932e-013  2.66893e-013  8.42941e-013             0             0 -4.94633e-006
  0.000134855  7.65501e-006  6.64983e-007  5.38435e-007  6.82722e-006   0.000896326    0.00178872   0.000997864  3.06795e-005  5.68127e-006  9.05526e-006  5.68489e-005   0.000173656   0.000145564  6.89267e-005  2.25629e-005   9.3646e-006  6.69227e-006  5.09372e-006  3.00216e-006  1.61105e-006  1.25826e-006  1.28737e-006  9.73218e-007  3.22539e-007  2.37264e-008  2.00651e-009  4.13861e-010  3.05761e-010  9.60893e-010             0  4.90189e-008  3.25525e-009  3.36325e-010   3.3477e-010  5.42692e-009   9.3931e-007  1.70749e-006  8.54635e-007  2.60043e-008 -1.30572e-005   2.6133e-005 -1.30004e-005  2.23946e-007  2.37853e-007  1.50693e-007  6.47552e-008  3.21805e-008  2.40859e-008  1.68722e-008  8.62682e-009  4.02176e-009  2.78126e-009  2.59498e-009  1.87657e-009  6.27234e-010  4.75419e-011  4.11851e-012   8.6373e-013  6.44915e-013  2.03897e-012             0             0 -8.37981e-006
   0.00105657  5.94238e-005  5.09692e-006  4.03552e-006   4.9011e-005    0.00591625     0.0128908    0.00798575   0.000265094  5.29107e-005  9.10402e-005   0.000619921    0.00207891    0.00196115    0.00106164   0.000389925   0.000172626   0.000122847  8.78648e-005  4.80341e-005  2.42714e-005  1.81527e-005  1.80625e-005  1.35121e-005  4.50383e-006  3.35191e-007  2.86118e-008  5.94038e-009  4.40794e-009  1.38896e-008             0   2.5909e-007  1.73474e-008  1.81257e-009  1.83202e-009  3.03142e-008  5.38902e-006  1.01265e-005  5.27257e-006  1.67769e-007  3.38846e-008 -1.30004e-005  2.65866e-005 -1.13012e-005  1.95798e-006  1.29322e-006  5.76499e-007  2.95672e-007  2.27231e-007  1.62676e-007  8.46529e-008  4.00222e-008  2.79855e-008   2.6338e-008  1.91749e-008   6.4425e-009  4.90272e-010  4.26021e-011  8.95543e-012  6.69865e-012  2.12074e-011             0             0  -0.000287968
   0.00418506   0.000233792   1.9857e-005  1.54309e-005   0.000180033     0.0197839     0.0470307     0.0320372    0.00113391   0.000240588   0.000440264    0.00319678     0.0115036     0.0117658    0.00691093    0.00271329    0.00125505   0.000909107   0.000645998   0.000347016   0.000172408   0.000127247    0.00012558  9.39067e-005  3.15467e-005   2.3721e-006  2.04127e-007  4.26303e-008   3.1763e-008  1.00364e-007             0  7.25605e-007  4.88999e-008  5.15546e-009  5.27556e-009   8.8773e-008  1.61362e-005   3.1182e-005  1.67963e-005  5.55899e-007  1.17296e-007  2.23946e-007 -1.13012e-005  3.31716e-005 -4.83977e-006  5.68365e-006  2.64133e-006  1.40558e-006  1.11513e-006  8.19972e-007  4.36205e-007  2.09943e-007  1.48909e-007  1.41728e-007  1.04094e-007  3.52143e-008  2.69399e-009  2.35047e-010  4.95637e-011  3.71621e-011  1.17866e-010             0             0  -0.000459036
