IGOR
WAVES/D/O/N=(64, 64)	Hess
BEGIN
      8789.38       530.676       126.673       723.101       57398.6       95138.2       57178.1       14733.5       3078.81          3836       8437.26       8256.05       4203.11       1758.31       1565.52       2421.19       2781.26       1896.91       792.616       363.512       282.698       279.118       283.507       275.084       154.536       35.3566       5.40329       1.30925      0.882891       2.13738       16.0143   -0.00459372    0.00264021    0.00117155    0.00826501      0.515507      0.115652     -0.212548    -0.0783917    -0.0132766    -0.0105153    -0.0132811   -0.00990171   -0.00564374   -0.00291576   -0.00285267   -0.00437861   -0.00455881   -0.00270776   -0.00103067  -0.000455337  -0.000347355  -0.000336877  -0.000333953  -0.000313766  -0.000170024  -3.7675e-005 -5.61836e-006 -1.33694e-006 -8.89562e-007 -2.13207e-006 -1.54738e-005       4.92525             0
      530.676       36.3459        6.3971       46.4507       3684.32       6107.01       3681.48        953.82       200.688       251.658       556.371       546.323       278.755        116.79       104.116       161.206       185.375       126.545       52.9109       24.2768       18.8858       18.6512       18.9483       18.3885       10.3318        2.3641      0.361319     0.0875552     0.0590456      0.142948       1.07116    -0.0027716  1.35651e-005  4.13537e-005   0.000375859      0.024923   0.000379535    -0.0154033   -0.00507854  -0.000790727  -0.000510714  -0.000316347  1.97429e-005  1.72644e-005 -1.51852e-005 -2.04224e-005 -1.63381e-005  2.55103e-005  5.14882e-005  3.05164e-005  1.58993e-005  1.32471e-005  1.38137e-005  1.48464e-005  1.53025e-005  9.11061e-006  2.18367e-006  3.45029e-007  8.56007e-008  5.87127e-008   1.4391e-007  1.11972e-006      -4.22875             0
      126.673        6.3971       4.24572        9.9644       929.446       1544.15       935.992       244.398       51.8947       65.6372       146.141       144.226       73.8418       31.0122       27.7019        42.966       49.4847       33.8249       14.1564        6.4996       5.05874       4.99779       5.07897       4.93017       2.77065       0.63408     0.0969223     0.0234885     0.0158414     0.0383535      0.287445   -0.00112305 -2.75881e-005  2.88226e-006  5.70963e-005     0.0041843   -0.00175825   -0.00439009   -0.00130971  -0.000185516 -8.39853e-005   7.7557e-005   0.000204519     0.0001223  5.02945e-005  4.65995e-005  8.09218e-005   0.000109605  8.66416e-005  3.94819e-005  1.89025e-005  1.51024e-005  1.52346e-005   1.5796e-005  1.56494e-005  8.96711e-006  2.08501e-006  3.22457e-007  7.88125e-008   5.3485e-008   1.3009e-007   9.8896e-007     -0.914446             0
      723.101       46.4507        9.9644       71.3713       5652.07       9462.17       5787.79       1527.41       328.042       419.394       942.354       936.478       481.891       203.145       182.017        283.04        326.71       223.733       93.7651       43.0926       33.5641       33.1785       33.7325       32.7562       18.4137       4.21507      0.644408      0.156189      0.105349      0.255079       1.91217   -0.00775688  -0.000270199 -1.32501e-005   0.000171493     0.0150059    -0.0198531    -0.0294847   -0.00826727   -0.00108811   -0.00028498    0.00138735    0.00248112    0.00149877   0.000658718   0.000626272    0.00106469    0.00137246    0.00103797   0.000462791   0.000219933   0.000175114   0.000176125    0.00018192   0.000179375   0.000102268    2.368e-005  3.65118e-006  8.90483e-007  6.03385e-007  1.46595e-006  1.11062e-005      -2.27161             0
      57398.6       3684.32       929.446       5652.07        469260        797034        495077        132474       28787.9       37193.9       84364.8       84521.6       43784.8       18557.5       16699.2       26056.5       30158.1       20696.4       8687.98       3997.83       3116.83       3083.27       3136.53       3047.08       1713.47        392.33       59.9918       14.5427       9.81011        23.755       178.125     -0.494306    -0.0173908  -0.000744616     0.0133029       1.18706      -1.49959      -2.40201     -0.706837    -0.0978246    -0.0299826       0.11668      0.220699      0.135869     0.0602947     0.0578979     0.0995491      0.129853     0.0991848     0.0445136     0.0212417     0.0169627     0.0170995     0.0176957     0.0174767    0.00997804    0.00231295   0.000356924  8.71029e-005  5.90472e-005   0.000143506    0.00108838       3.59241             0
      95138.2       6107.01       1544.15       9462.17        797034  1.39015e+006        885771        241642         53131       69249.8        158394        160125       83693.5         35757         32377       50747.6       58915.2       40517.3       17038.5       7852.33       6129.35       6068.94       6177.86       6004.41       3377.53       773.517         118.3       28.6812       19.3495       46.8583        351.45     -0.183244    0.00462963    0.00538627     0.0530836       4.09152      0.527313      -2.93332      -1.15455     -0.204155     -0.144795    -0.0899909     0.0167791    0.00940501   -0.00569965   -0.00876984   -0.00813441    0.00940341     0.0216044     0.0131819    0.00695915     0.0058492     0.0061422    0.00664324    0.00688744    0.00412151   0.000991781   0.000157156  3.90714e-005  2.68397e-005   6.5861e-005   0.000514238      -1.04352             0
      57178.1       3681.48       935.992       5787.79        495077        885771        580089        162103       36286.6       48011.8        111401        114267       60565.2       26200.4         23962       37842.8         44172       30498.5       12866.8       5945.72       4650.95       4612.57       4700.95       4572.86       2573.82       589.715       90.2204       21.8792       14.7636       35.7582       268.327      0.133047     0.0155982    0.00580226     0.0444366       3.42321       1.96364       -1.0551     -0.646995     -0.141849     -0.141004     -0.230285     -0.224245     -0.149737    -0.0840548    -0.0886426     -0.146753     -0.166163       -0.1077    -0.0438319    -0.0201686    -0.0158222    -0.0156971    -0.0159003    -0.0152725   -0.00845817   -0.00190972  -0.000288961 -6.95181e-005 -4.66378e-005  -0.000112477  -0.000832741      0.181508             0
      14733.5        953.82       244.398       1527.41        132474        241642        162103       46449.4       10633.8       14376.6       34058.6         35652       19259.2       8473.18       7858.17       12548.2         14771       10264.7       4352.98       2019.94       1585.25       1576.13       1609.37       1567.72       883.298       202.539       31.0049       7.52236       5.07769       12.3017       92.3887     0.0547439     0.0049402    0.00164177     0.0120698      0.956092      0.729779     -0.137162     -0.149614    -0.0378963    -0.0433183    -0.0849696    -0.0962643    -0.0676923    -0.0385351    -0.0415934    -0.0711075     -0.083944    -0.0568789    -0.0238996    -0.0111953   -0.00888718   -0.00890222   -0.00910263   -0.00882933   -0.00493741     -0.001124  -0.000171145 -4.13666e-005 -2.78483e-005 -6.73369e-005  -0.000502664      0.524778             0
      3078.81       200.688       51.8947       328.042       28787.9         53131       36286.6       10633.8       2499.15       3463.19       8428.07       9046.81       5000.42       2244.87       2118.18       3431.16       4086.11       2866.01       1224.37       571.447       450.496       449.463       460.172       449.181       253.479       58.1919        8.9162       2.16474         1.462        3.5434       26.6456    0.00879103   0.000813916   0.000278298    0.00211525      0.173982      0.139493    -0.0242912    -0.0295479   -0.00767242   -0.00862736    -0.0159022    -0.0179823    -0.0136555   -0.00839048   -0.00947081    -0.0165605    -0.0196346    -0.0132321   -0.00555072   -0.00261098   -0.00208247   -0.00209272   -0.00214189    -0.0020751   -0.00115748  -0.000262836 -3.99437e-005 -9.64133e-006 -6.48422e-006 -1.56676e-005  -0.000116691      -1.23133             0
         3836       251.658       65.6372       419.394       37193.9       69249.8       48011.8       14376.6       3463.19        4953.5       12417.5       13732.2       7798.06       3585.88       3455.31       5698.48       6889.13       4892.05       2110.49       992.571       787.151       788.986       810.693       793.547       448.781         103.2       15.8325       3.84765        2.6005       6.30629       47.5058    0.00578858   0.000628812   0.000237139    0.00193229      0.165476      0.123554    -0.0418483    -0.0370873   -0.00927766   -0.00948015    -0.0133174    -0.0122619     -0.010737   -0.00780833   -0.00949193    -0.0168745    -0.0193384    -0.0122178     -0.004896   -0.00227132   -0.00180388   -0.00180321   -0.00182486   -0.00173603  -0.000946895  -0.000210593 -3.14893e-005 -7.50901e-006 -5.00467e-006 -1.20107e-005 -8.75132e-005    -0.0628175             0
      8437.26       556.371       146.141       942.354       84364.8        158394        111401       34058.6       8428.07       12417.5       32204.5       36797.6       21552.5       10191.5       10068.6         16970       20900.1       15072.5       6583.48        3126.5       2498.41        2519.2       2600.59       2554.87       1448.98       333.931       51.3159       12.4868       8.44756       20.5006       154.793    0.00429331    0.00072757   0.000325924    0.00291886      0.260136      0.162633      -0.12065    -0.0831332    -0.0201795    -0.0189212    -0.0166987   -0.00391957   -0.00735703   -0.00939691    -0.0132322    -0.0234509    -0.0229706    -0.0101766   -0.00266457  -0.000946136   -0.00062827  -0.000509611  -0.000345366  -0.000103111  8.92715e-005  5.01422e-005  1.11165e-005  3.31046e-006  2.53988e-006  6.70432e-006  6.34322e-005      0.588015             0
      8256.05       546.323       144.226       936.478       84521.6        160125        114267         35652       9046.81       13732.2       36797.6       43513.1       26343.4       12853.3       13064.4       22579.6         28417       20869.1        9251.8       4446.26       3586.74       3643.56       3783.23       3733.62       2124.97       491.053       75.6182       18.4295       12.4831       30.3221       229.621    0.00156547   0.000445804   0.000223791    0.00212114      0.194647      0.110966     -0.115395    -0.0761002    -0.0187745    -0.0174009    -0.0108659    0.00725055   0.000828437   -0.00574492    -0.0100119    -0.0177262    -0.0132278  -0.000149213    0.00273995    0.00189404    0.00179128    0.00206439    0.00246312    0.00282403    0.00184744   0.000474826  7.86768e-005  2.01679e-005  1.41557e-005  3.52796e-005   0.000288483      0.115549             0
      4203.11       278.755       73.8418       481.891       43784.8       83693.5       60565.2       19259.2       5000.42       7798.06       21552.5       26343.4       16503.9          8320       8724.83       15505.5         19995       14992.2       6762.97       3296.92        2690.4       2758.19       2884.64       2862.86        1636.5       379.447       58.5831       14.3061       9.70481       23.6008       179.381    0.00132685   0.000222285   0.000101121   0.000931989     0.0866247     0.0589158    -0.0415778    -0.0317279   -0.00822013   -0.00776558   -0.00392699    0.00529254   0.000848151   -0.00350582     -0.006621    -0.0126813    -0.0109715   -0.00200451   0.000956316   0.000833668   0.000841186    0.00101891    0.00128709    0.00156372    0.00107333   0.000285088  4.82383e-005  1.25367e-005   8.8827e-006  2.22861e-005   0.000185799      0.189448             0
      1758.31        116.79       31.0122       203.145       18557.5         35757       26200.4       8473.18       2244.87       3585.88       10191.5       12853.3          8320       4341.98       4698.39       8608.88       11404.5       8754.99       4030.43       1998.78       1654.24       1715.34       1810.28        1809.4       1040.03       242.179       37.5138       9.18426       6.24248       15.2035       116.108    0.00103625    0.00011172   4.3291e-005   0.000372639     0.0347365     0.0308511   -0.00704458   -0.00922361   -0.00256351   -0.00237534  -0.000340022    0.00302733   0.000323514   -0.00197715   -0.00395743   -0.00842706   -0.00918062    -0.0041896   -0.00108643  -0.000413202  -0.000306862  -0.000274201  -0.000195272 -4.90122e-005  7.07896e-005  3.69926e-005  8.13346e-006  2.42183e-006  1.86107e-006  4.92165e-006  4.69759e-005     -0.442604             0
      1565.52       104.116       27.7019       182.017       16699.2         32377         23962       7858.17       2118.18       3455.31       10068.6       13064.4       8724.83       4698.39       5261.28          9940       13564.2       10694.3       5041.32       2551.96        2148.9        2260.2       2412.85       2433.79          1409       329.941       51.3314       12.6095       8.59285       20.9695       161.167    0.00114601   0.000105396  3.73884e-005    0.00030754     0.0287617     0.0302292    0.00072705   -0.00507264   -0.00152111   -0.00123538     0.0013392    0.00427865    0.00107693    -0.0016477   -0.00392758   -0.00926328    -0.0113296    -0.0062952    -0.0022196    -0.0010774    -0.0009407   -0.00100159   -0.00100605  -0.000868605  -0.000391354 -6.76764e-005 -7.70398e-006 -1.38703e-006 -6.93391e-007 -1.23697e-006  1.57325e-006     -0.247639             0
      2421.19       161.206        42.966        283.04       26056.5       50747.6       37842.8       12548.2       3431.16       5698.48         16970       22579.6       15505.5       8608.88          9940       19406.3       27312.3       22181.5       10744.3       5572.18       4791.41       5129.26       5555.84       5670.32       3313.63         781.7       122.321       30.1835       20.6404       50.5047       391.532    0.00174665   0.000150859  5.13604e-005    0.00041308     0.0388121     0.0447169    0.00658029   -0.00458126   -0.00147731  -0.000834202    0.00423654    0.00921361    0.00362301    -0.0015415   -0.00538068    -0.0142132    -0.0185429    -0.0107705   -0.00404337   -0.00214744   -0.00203336   -0.00231381   -0.00246607   -0.00226638   -0.00110351  -0.000210856 -2.71136e-005 -5.63758e-006 -3.33106e-006 -7.20359e-006  -3.2512e-005      0.240023             0
      2781.26       185.375       49.4847        326.71       30158.1       58915.2         44172         14771       4086.11       6889.13       20900.1         28417         19995       11404.5       13564.2       27312.3       39702.7       33278.7       16616.6       8861.01        7810.9       8543.18        9422.8       9761.79       5774.17        1375.4       216.876       53.8368       36.9867       90.8276       712.396    0.00160342   0.000137354  4.65671e-005   0.000374601     0.0354345     0.0418907    0.00734965   -0.00371151   -0.00121458  -0.000424756    0.00565328     0.0118519    0.00587043     -0.000374   -0.00444904    -0.0133292    -0.0174759   -0.00888225   -0.00276941   -0.00155627   -0.00167611   -0.00207809   -0.00225523   -0.00193838  -0.000776114 -9.97182e-005 -5.42486e-006  5.21376e-007  1.29768e-006   4.8984e-006  8.14714e-005     0.0979082             0
      1896.91       126.545       33.8249       223.733       20696.4       40517.3       30498.5       10264.7       2866.01       4892.05       15072.5       20869.1       14992.2       8754.99       10694.3       22181.5       33278.7       28832.9         14870       8181.19       7420.46        8325.5        9387.3       9907.49          5951       1435.27       228.574       57.1869       39.5297        97.535       777.038   0.000749186  6.59345e-005  2.28357e-005   0.000186761     0.0178099     0.0206106    0.00283297   -0.00232081  -0.000728699  -0.000279747    0.00334894    0.00750236    0.00423853   0.000340615    -0.0019844   -0.00672962   -0.00821749   -0.00227927   0.000402059   0.000278542  8.10253e-005  -4.1678e-005  7.98954e-005   0.000563789   0.000760859   0.000281643  5.70645e-005  1.65558e-005  1.26179e-005  3.33117e-005   0.000321978      0.211233             0
      792.616       52.9109       14.1564       93.7651       8687.98       17038.5       12866.8       4352.98       1224.37       2110.49       6583.48        9251.8       6762.97       4030.43       5041.32       10744.3       16616.6         14870       7936.03       4510.84       4225.67       4881.33       5648.87       6097.25       3732.22       914.259       147.445       37.2612        25.961       64.4532       524.141   0.000226708  2.02312e-005  7.08471e-006  5.84675e-005    0.00560672    0.00644194   0.000778347   -0.00079938  -0.000247531 -9.09843e-005    0.00120983    0.00279544    0.00170749   0.000272238  -0.000535109   -0.00211672   -0.00239569  8.90186e-005   0.000842785   0.000541663   0.000448921   0.000481478   0.000670558    0.00105234   0.000929238   0.000295511  5.64091e-005  1.59442e-005  1.20033e-005   3.1497e-005   0.000302113    -0.0568002             0
      363.512       24.2768        6.4996       43.0926       3997.83       7852.33       5945.72       2019.94       571.447       992.571        3126.5       4446.26       3296.92       1998.78       2551.96       5572.18       8861.01       8181.19       4510.84       2658.53       2571.77       3070.95       3660.22       4055.79       2539.29       633.926       103.837       26.5725       18.6998       46.7926       390.745  8.91753e-005  7.73711e-006  2.65743e-006  2.16838e-005    0.00208172    0.00249133   0.000442012  -0.000228633 -7.26079e-005 -2.65425e-006   0.000550223    0.00120743   0.000777236   0.000182451  -0.000122352  -0.000693407  -0.000755557   0.000299592   0.000537525   0.000341395   0.000294453   0.000328449   0.000463502   0.000730837    0.00065386   0.000212086  4.13362e-005  1.19062e-005  9.10779e-006  2.42133e-005    0.00024321     -0.277551             0
      282.698       18.8858       5.05874       33.5641       3116.83       6129.35       4650.95       1585.25       450.496       787.151       2498.41       3586.74        2690.4       1654.24        2148.9       4791.41        7810.9       7420.46       4225.67       2571.77        2583.8       3186.45       3925.99        4480.4       2879.12       734.944        122.64       31.8638       22.6984       57.3502       494.979  6.36207e-005  5.30464e-006  1.76842e-006  1.41525e-005    0.00135728    0.00172009   0.000441933 -7.73981e-005 -2.68217e-005  2.88331e-005   0.000438681   0.000900224    0.00060335   0.000183872 -1.13922e-006  -0.000313386  -0.000302975   0.000419273   0.000512368   0.000323309   0.000286113   0.000329712   0.000482864   0.000794485   0.000742143   0.000250784  5.07258e-005  1.50863e-005  1.18527e-005  3.22021e-005    0.00034913      0.030309             0
      279.118       18.6512       4.99779       33.1785       3083.27       6068.94       4612.57       1576.13       449.463       788.986        2519.2       3643.56       2758.19       1715.34        2260.2       5129.26       8543.18        8325.5       4881.33       3070.95       3186.45       4079.32       5192.87       6120.77        4047.3       1059.22       180.516       47.7247         34.48       88.1052       790.664  5.76451e-005  4.64377e-006  1.50573e-006  1.18205e-005    0.00113176    0.00151318   0.000497153 -3.50006e-006 -4.67134e-006   5.0276e-005   0.000431511   0.000839435   0.000580853   0.000210744  7.80288e-005 -9.75638e-005 -7.97444e-006    0.00061024   0.000607182   0.000389163   0.000363995   0.000449672   0.000698518    0.00120004    0.00116665   0.000411644  8.69406e-005  2.68842e-005  2.18313e-005  6.09352e-005   0.000725928      0.052216             0
      283.507       18.9483       5.07897       33.7325       3136.53       6177.86       4700.95       1609.37       460.172       810.693       2600.59       3783.23       2884.64       1810.28       2412.85       5555.84        9422.8        9387.3       5648.87       3660.22       3925.99       5192.87       6850.04       8334.43       5680.13       1526.27       266.076       71.6906       52.6055       136.113       1276.76  5.15216e-005  4.05503e-006  1.28906e-006  9.97561e-006   0.000953937    0.00132651   0.000502959   3.7258e-005  7.87194e-006  6.02046e-005   0.000409479   0.000771106   0.000546937   0.000221782   0.000130371  6.43093e-005   0.000235553   0.000788295   0.000711716   0.000474785   0.000482321   0.000659657    0.00111037    0.00199824    0.00201333   0.000739185   0.000162672  5.22165e-005  4.37628e-005   0.000125325    0.00163132     -0.163457             0
      275.084       18.3885       4.93017       32.7562       3047.08       6004.41       4572.86       1567.72       449.181       793.547       2554.87       3733.62       2862.86        1809.4       2433.79       5670.32       9761.79       9907.49       6097.25       4055.79        4480.4       6120.77       8334.43       10477.7       7351.15       2029.82       362.167       99.5453       74.2689         194.8       1920.89  4.11884e-005  3.20449e-006  1.00845e-006   7.7466e-006   0.000740551    0.00105194    0.00042686  4.64567e-005   1.1369e-005  5.51129e-005   0.000341845   0.000635694   0.000459313   0.000198749   0.000140625     0.0001441   0.000357742   0.000839435   0.000737314   0.000518945   0.000576761   0.000878864    0.00161435    0.00306062    0.00319961    0.00121881   0.000278196  9.22666e-005  7.94911e-005   0.000232818     0.0032809     0.0570861             0
      154.536       10.3318       2.77065       18.4137       1713.47       3377.53       2573.82       883.298       253.479       448.781       1448.98       2124.97        1636.5       1040.03          1409       3313.63       5774.17          5951       3732.22       2539.29       2879.12        4047.3       5680.13       7351.15       5311.67       1502.87       275.255       77.1273       58.5701       155.921       1629.08  1.77787e-005  1.38131e-006  4.34234e-007  3.33398e-006   0.000318944    0.00045495   0.000186815  2.14244e-005  5.38188e-006  2.48252e-005   0.000152205   0.000284093   0.000208014  9.28673e-005  7.07735e-005  8.68932e-005   0.000209242   0.000451934   0.000402001   0.000299399   0.000361961   0.000609538     0.0012177    0.00243788    0.00264995    0.00104622    0.00024701  8.44213e-005  7.46151e-005   0.000223209    0.00340182      0.324403             0
      35.3566        2.3641       0.63408       4.21507        392.33       773.517       589.715       202.539       58.1919         103.2       333.931       491.053       379.447       242.179       329.941         781.7        1375.4       1435.27       914.259       633.926       734.944       1059.22       1526.27       2029.82       1502.87       439.373       80.2074       23.8095       18.1269       49.0479       548.894   3.0153e-006  2.35118e-007  7.41643e-008  5.71071e-007  5.46942e-005   7.7667e-005  3.14209e-005  3.37014e-006  8.45042e-007  4.20693e-006  2.64028e-005  4.98128e-005  3.68208e-005  1.66597e-005  1.30504e-005  1.70844e-005  4.21043e-005  9.05502e-005  8.26782e-005  6.47382e-005  8.40299e-005   0.000154112    0.00033172   0.000699657   0.000790743   0.000323268  7.88322e-005  2.77336e-005  2.51338e-005   7.6792e-005    0.00127099       0.14166             0
      5.40329      0.361319     0.0969223      0.644408       59.9918         118.3       90.2204       31.0049        8.9162       15.8325       51.3159       75.6182       58.5831       37.5138       51.3314       122.321       216.876       228.574       147.445       103.837        122.64       180.516       266.076       362.167       275.255       80.2074       17.9347       3.04492       3.99603       9.95081       120.959  3.41232e-007  2.67075e-008  8.45379e-009  6.52827e-008   6.2587e-006  8.84288e-006  3.51808e-006  3.47443e-007  8.64762e-008  4.72264e-007  3.03886e-006  5.78948e-006  4.30957e-006  1.96534e-006  1.56252e-006  2.11795e-006  5.34707e-006  1.15994e-005   1.0846e-005  8.83734e-006    1.214e-005  2.38651e-005  5.46643e-005   0.000120677   0.000141345  5.96853e-005  1.50031e-005  5.42612e-006  5.03923e-006  1.57246e-005   0.000284096     -0.115666             0
      1.30925     0.0875552     0.0234885      0.156189       14.5427       28.6812       21.8792       7.52236       2.16474       3.84765       12.4868       18.4295       14.3061       9.18426       12.6095       30.1835       53.8368       57.1869       37.2612       26.5725       31.8638       47.7247       71.6906       99.5453       77.1273       23.8095       3.04492       3.66819     -0.430217       3.47888       41.5576  6.17098e-008  4.84246e-009  1.53649e-009   1.1889e-008  1.14063e-006  1.60615e-006  6.31654e-007  5.86114e-008  1.45087e-008  8.50241e-008  5.56686e-007  1.06794e-006  7.99189e-007  3.66813e-007  2.95183e-007    4.109e-007    1.054e-006  2.30063e-006  2.19086e-006  1.84072e-006  2.64398e-006  5.49334e-006  1.32274e-005  3.03253e-005  3.66323e-005  1.59197e-005  4.11344e-006  1.52644e-006  1.45106e-006  4.62237e-006  9.17048e-005     -0.118041             0
     0.882891     0.0590456     0.0158414      0.105349       9.81011       19.3495       14.7636       5.07769         1.462        2.6005       8.44756       12.4831       9.70481       6.24248       8.59285       20.6404       36.9867       39.5297        25.961       18.6998       22.6984         34.48       52.6055       74.2689       58.5701       18.1269       3.99603     -0.430217       3.20589       1.06419       39.5551  3.13087e-008  2.46026e-009  7.81645e-010  6.05488e-009  5.81181e-007  8.17057e-007  3.19489e-007  2.86856e-008   7.0946e-009  4.31739e-008  2.85244e-007  5.49551e-007  4.12935e-007  1.90673e-007  1.55264e-007  2.21335e-007  5.72266e-007  1.25081e-006  1.20678e-006  1.03788e-006  1.54358e-006  3.34939e-006  8.38769e-006   1.9823e-005  2.45713e-005  1.09459e-005  2.89781e-006  1.10066e-006  1.06929e-006  3.47442e-006  7.63276e-005     -0.154503             0
      2.13738      0.142948     0.0383535      0.255079        23.755       46.8583       35.7582       12.3017        3.5434       6.30629       20.5006       30.3221       23.6008       15.2035       20.9695       50.5047       90.8276        97.535       64.4532       46.7926       57.3502       88.1052       136.113         194.8       155.921       49.0479       9.95081       3.47888       1.06419       9.50884       129.897  5.73768e-008  4.51073e-009  1.43373e-009  1.11109e-008  1.06678e-006  1.49939e-006  5.85643e-007  5.22284e-008  1.29611e-008  7.95307e-008  5.26742e-007  1.01708e-006  7.66665e-007  3.56052e-007  2.93357e-007  4.27478e-007  1.10763e-006  2.41462e-006  2.35046e-006  2.05746e-006  3.14336e-006  7.05382e-006  1.82086e-005  4.40782e-005  5.58009e-005  2.53807e-005  6.86124e-006  2.66019e-006  2.63605e-006   8.7273e-006    0.00021487     -0.375919             0
      16.0143       1.07116      0.287445       1.91217       178.125        351.45       268.327       92.3887       26.6456       47.5058       154.793       229.621       179.381       116.108       161.167       391.532       712.396       777.038       524.141       390.745       494.979       790.664       1276.76       1920.89       1629.08       548.894       120.959       41.5576       39.5551       129.897       8320.41             0             0             0             0             0             0             0             0             0             0             0             0             0             0             0             0             0             0             0             0             0             0             0             0             0             0             0             0             0             0             0      0.432865             0
  -0.00459372    -0.0027716   -0.00112305   -0.00775688     -0.494306     -0.183244      0.133047     0.0547439    0.00879103    0.00578858    0.00429331    0.00156547    0.00132685    0.00103625    0.00114601    0.00174665    0.00160342   0.000749186   0.000226708  8.91753e-005  6.36207e-005  5.76451e-005  5.15216e-005  4.11884e-005  1.77787e-005   3.0153e-006  3.41232e-007  6.17098e-008  3.13087e-008  5.73768e-008             0  5.24136e-005   1.9854e-006  5.18693e-007  2.45591e-006   0.000162326   0.000224491    0.00010785  2.18559e-005  3.59954e-006  3.51908e-006  6.02056e-006   4.5479e-006  1.77822e-006   5.6882e-007  3.86236e-007  4.55137e-007  3.98565e-007  2.07237e-007  6.59142e-008  2.29721e-008  1.35628e-008  1.01608e-008  7.83032e-009  5.76617e-009   2.4595e-009  4.27302e-010  4.95792e-011   9.1193e-012  4.66747e-012  8.57519e-012             0             0   -0.00644457
   0.00264021  1.35651e-005 -2.75881e-005  -0.000270199    -0.0173908    0.00462963     0.0155982     0.0049402   0.000813916   0.000628812    0.00072757   0.000445804   0.000222285    0.00011172   0.000105396   0.000150859   0.000137354  6.59345e-005  2.02312e-005  7.73711e-006  5.30464e-006  4.64377e-006  4.05503e-006  3.20449e-006  1.38131e-006  2.35118e-007  2.67075e-008  4.84246e-009  2.46026e-009  4.51073e-009             0   1.9854e-006  1.36573e-006 -5.80885e-007  1.48849e-007  1.00596e-005  1.39656e-005  6.79599e-006  1.40292e-006   2.3579e-007  2.34613e-007  4.06812e-007  3.10268e-007  1.22216e-007  3.93522e-008  2.68804e-008  3.18356e-008  2.79755e-008  1.45733e-008  4.64254e-009  1.62149e-009  9.59743e-010  7.20905e-010   5.5687e-010  4.10729e-010  1.75296e-010  3.04553e-011   3.5334e-012   6.4989e-013  3.32638e-013  6.11177e-013             0             0 -6.48995e-005
   0.00117155  4.13537e-005  2.88226e-006 -1.32501e-005  -0.000744616    0.00538627    0.00580226    0.00164177   0.000278298   0.000237139   0.000325924   0.000223791   0.000101121   4.3291e-005  3.73884e-005  5.13604e-005  4.65671e-005  2.28357e-005  7.08471e-006  2.65743e-006  1.76842e-006  1.50573e-006  1.28906e-006  1.00845e-006  4.34234e-007  7.41643e-008  8.45379e-009  1.53649e-009  7.81645e-010  1.43373e-009             0  5.18693e-007 -5.80885e-007  1.22874e-006 -5.76532e-007  2.40471e-006  3.37936e-006  1.67803e-006  3.55302e-007  6.13397e-008  6.24972e-008  1.10423e-007  8.53982e-008   3.4003e-008  1.10497e-008  7.60917e-009  9.07327e-009  8.01217e-009  4.18626e-009  1.33683e-009  4.68226e-010  2.77981e-010  2.09442e-010  1.62219e-010  1.19868e-010  5.11985e-011  8.89626e-012  1.03216e-012   1.8985e-013  9.71808e-014  1.78578e-013             0             0  9.66855e-005
   0.00826501   0.000375859  5.70963e-005   0.000171493     0.0133029     0.0530836     0.0444366     0.0120698    0.00211525    0.00193229    0.00291886    0.00212114   0.000931989   0.000372639    0.00030754    0.00041308   0.000374601   0.000186761  5.84675e-005  2.16838e-005  1.41525e-005  1.18205e-005  9.97561e-006   7.7466e-006  3.33398e-006  5.71071e-007  6.52827e-008   1.1889e-008  6.05488e-009  1.11109e-008             0  2.45591e-006  1.48849e-007 -5.76532e-007   1.4096e-006  1.29629e-005  1.95357e-005  9.99446e-006  2.18691e-006  3.90163e-007  4.09442e-007   7.4136e-007  5.84367e-007  2.36171e-007  7.76966e-008  5.40656e-008  6.50267e-008  5.77968e-008  3.03335e-008  9.72088e-009  3.41643e-009    2.035e-009    1.538e-009  1.19437e-009  8.84206e-010  3.78021e-010  6.57094e-011  7.62532e-012  1.40283e-012  7.18211e-013  1.32001e-012             0             0   0.000719345
     0.515507      0.024923     0.0041843     0.0150059       1.18706       4.09152       3.42321      0.956092      0.173982      0.165476      0.260136      0.194647     0.0866247     0.0347365     0.0287617     0.0388121     0.0354345     0.0178099    0.00560672    0.00208172    0.00135728    0.00113176   0.000953937   0.000740551   0.000318944  5.46942e-005   6.2587e-006  1.14063e-006  5.81181e-007  1.06678e-006             0   0.000162326  1.00596e-005  2.40471e-006  1.29629e-005    0.00102462    0.00153623   0.000821313    0.00018685  3.44424e-005  3.72077e-005    6.913e-005   5.5698e-005  2.29146e-005  7.64557e-006  5.37971e-006  6.52737e-006  5.84243e-006  3.08353e-006  9.92418e-007  3.49884e-007  2.08887e-007  1.58134e-007  1.22956e-007  9.11149e-008  3.89867e-008  6.78157e-009  7.87399e-010  1.44916e-010  7.42158e-011  1.36432e-010             0             0    0.00146747
     0.115652   0.000379535   -0.00175825    -0.0198531      -1.49959      0.527313       1.96364      0.729779      0.139493      0.123554      0.162633      0.110966     0.0589158     0.0308511     0.0302292     0.0447169     0.0418907     0.0206106    0.00644194    0.00249133    0.00172009    0.00151318    0.00132651    0.00105194    0.00045495   7.7667e-005  8.84288e-006  1.60615e-006  8.17057e-007  1.49939e-006             0   0.000224491  1.39656e-005  3.37936e-006  1.95357e-005    0.00153623    0.00247166    0.00140752   0.000336302  6.39268e-005  7.07823e-005   0.000134689   0.000111114  4.66727e-005  1.58243e-005  1.12601e-005  1.37695e-005  1.24047e-005  6.58796e-006   2.1302e-006  7.52559e-007  4.49335e-007  3.39767e-007   2.6379e-007  1.95318e-007  8.36082e-008  1.45588e-008  1.69202e-009  3.11619e-010  1.59657e-010   2.9357e-010             0             0 -7.62763e-005
    -0.212548    -0.0154033   -0.00439009    -0.0294847      -2.40201      -2.93332       -1.0551     -0.137162    -0.0242912    -0.0418483      -0.12065     -0.115395    -0.0415778   -0.00704458    0.00072705    0.00658029    0.00734965    0.00283297   0.000778347   0.000442012   0.000441933   0.000497153   0.000502959    0.00042686   0.000186815  3.14209e-005  3.51808e-006  6.31654e-007  3.19489e-007  5.85643e-007             0    0.00010785  6.79599e-006  1.67803e-006  9.99446e-006   0.000821313    0.00140752   0.000860536    0.00021718  4.33005e-005  4.98135e-005  9.82512e-005  8.38782e-005   3.6321e-005  1.26241e-005  9.15284e-006  1.13487e-005  1.03352e-005  5.53974e-006  1.80403e-006   6.4012e-007  3.83048e-007  2.89845e-007  2.25032e-007  1.66655e-007   7.1408e-008   1.2451e-008  1.44871e-009  2.67029e-010  1.36888e-010  2.51792e-010             0             0  -0.000568678
   -0.0783917   -0.00507854   -0.00130971   -0.00826727     -0.706837      -1.15455     -0.646995     -0.149614    -0.0295479    -0.0370873    -0.0831332    -0.0761002    -0.0317279   -0.00922361   -0.00507264   -0.00458126   -0.00371151   -0.00232081   -0.00079938  -0.000228633 -7.73981e-005 -3.50006e-006   3.7258e-005  4.64567e-005  2.14244e-005  3.37014e-006  3.47443e-007  5.86114e-008  2.86856e-008  5.22284e-008             0  2.18559e-005  1.40292e-006  3.55302e-007  2.18691e-006    0.00018685   0.000336302    0.00021718  5.98525e-005  1.16893e-005  1.48651e-005   3.0702e-005  2.73533e-005  1.23012e-005  4.41458e-006  3.28404e-006  4.15445e-006  3.84283e-006  2.08532e-006  6.85688e-007  2.45065e-007  1.47411e-007  1.11949e-007  8.71387e-008  6.46624e-008  2.77558e-008  4.84718e-009  5.64678e-010  1.04179e-010  5.34422e-011  9.83499e-011             0             0  -0.000922204
   -0.0132766  -0.000790727  -0.000185516   -0.00108811    -0.0978246     -0.204155     -0.141849    -0.0378963   -0.00767242   -0.00927766    -0.0201795    -0.0187745   -0.00822013   -0.00256351   -0.00152111   -0.00147731   -0.00121458  -0.000728699  -0.000247531 -7.26079e-005 -2.68217e-005 -4.67134e-006  7.87194e-006   1.1369e-005  5.38188e-006  8.45042e-007  8.64762e-008  1.45087e-008   7.0946e-009  1.29611e-008             0  3.59954e-006   2.3579e-007  6.13397e-008  3.90163e-007  3.44424e-005  6.39268e-005  4.33005e-005  1.16893e-005  3.95085e-006  2.87371e-006  7.58409e-006  7.08522e-006  3.32198e-006  1.23586e-006   9.4768e-007  1.22903e-006  1.15948e-006  6.38891e-007  2.12638e-007  7.67479e-008  4.65343e-008  3.55671e-008   2.7825e-008  2.07263e-008  8.92015e-009  1.56066e-009  1.82059e-010  3.36241e-011  1.72628e-011  3.17894e-011             0             0  -0.000513985
   -0.0105153  -0.000510714 -8.39853e-005   -0.00028498    -0.0299826     -0.144795     -0.141004    -0.0433183   -0.00862736   -0.00948015    -0.0189212    -0.0174009   -0.00776558   -0.00237534   -0.00123538  -0.000834202  -0.000424756  -0.000279747 -9.09843e-005 -2.65425e-006  2.88331e-005   5.0276e-005  6.02046e-005  5.51129e-005  2.48252e-005  4.20693e-006  4.72264e-007  8.50241e-008  4.31739e-008  7.95307e-008             0  3.51908e-006  2.34613e-007  6.24972e-008  4.09442e-007  3.72077e-005  7.07823e-005  4.98135e-005  1.48651e-005  2.87371e-006  5.93408e-006  1.02324e-005  1.06611e-005  5.23002e-006  2.02443e-006  1.60669e-006  2.14512e-006  2.07228e-006  1.16347e-006  3.93054e-007  1.43609e-007  8.79505e-008   6.7776e-008  5.33717e-008  3.99528e-008   1.7254e-008  3.02588e-009  3.53603e-010  6.53944e-011  3.36094e-011  6.19434e-011             0             0  -0.000103413
   -0.0132811  -0.000316347   7.7557e-005    0.00138735       0.11668    -0.0899909     -0.230285    -0.0849696    -0.0159022    -0.0133174    -0.0166987    -0.0108659   -0.00392699  -0.000340022     0.0013392    0.00423654    0.00565328    0.00334894    0.00120983   0.000550223   0.000438681   0.000431511   0.000409479   0.000341845   0.000152205  2.64028e-005  3.03886e-006  5.56686e-007  2.85244e-007  5.26742e-007             0  6.02056e-006  4.06812e-007  1.10423e-007   7.4136e-007    6.913e-005   0.000134689  9.82512e-005   3.0702e-005  7.58409e-006  1.02324e-005  2.76192e-005  2.67601e-005  1.40944e-005  5.69821e-006  4.70021e-006  6.48802e-006  6.44531e-006  3.70188e-006  1.27371e-006  4.72332e-007  2.92774e-007  2.27822e-007  1.80797e-007  1.36145e-007  5.90491e-008  1.03878e-008  1.21675e-009  2.25427e-010  1.16019e-010  2.14059e-010             0             0   0.000395536
  -0.00990171  1.97429e-005   0.000204519    0.00248112      0.220699     0.0167791     -0.224245    -0.0962643    -0.0179823    -0.0122619   -0.00391957    0.00725055    0.00529254    0.00302733    0.00427865    0.00921361     0.0118519    0.00750236    0.00279544    0.00120743   0.000900224   0.000839435   0.000771106   0.000635694   0.000284093  4.98128e-005  5.78948e-006  1.06794e-006  5.49551e-007  1.01708e-006             0   4.5479e-006  3.10268e-007  8.53982e-008  5.84367e-007   5.5698e-005   0.000111114  8.38782e-005  2.73533e-005  7.08522e-006  1.06611e-005  2.67601e-005  3.11398e-005  1.55894e-005  6.86343e-006  5.90733e-006  8.46614e-006  8.68553e-006  5.12472e-006  1.80269e-006  6.80597e-007  4.27987e-007  3.36878e-007  2.69768e-007   2.0457e-007   8.9201e-008  1.57556e-008   1.8512e-009  3.43781e-010  1.77252e-010   3.2749e-010             0             0   0.000546319
  -0.00564374  1.72644e-005     0.0001223    0.00149877      0.135869    0.00940501     -0.149737    -0.0676923    -0.0136555     -0.010737   -0.00735703   0.000828437   0.000848151   0.000323514    0.00107693    0.00362301    0.00587043    0.00423853    0.00170749   0.000777236    0.00060335   0.000580853   0.000546937   0.000459313   0.000208014  3.68208e-005  4.30957e-006  7.99189e-007  4.12935e-007  7.66665e-007             0  1.77822e-006  1.22216e-007   3.4003e-008  2.36171e-007  2.29146e-005  4.66727e-005   3.6321e-005  1.23012e-005  3.32198e-006  5.23002e-006  1.40944e-005  1.55894e-005  1.04479e-005  3.49372e-006  3.69935e-006  5.52795e-006  5.88356e-006  3.58292e-006  1.29433e-006  4.99494e-007  3.19715e-007  2.55228e-007  2.06665e-007  1.58085e-007  6.93996e-008  1.23226e-008   1.4537e-009  2.70801e-010  1.39955e-010  2.59048e-010             0             0   0.000475154
