IGOR
WAVES/D/O/N=(64, 64)	Hess
BEGIN
      29.8991       9.57851       69.2611       449.719       3165.27          3571       1497.69       344.604       211.181       316.236       452.029       268.305       100.412       59.3178       70.7175       112.918       110.851       49.7597       18.6274       9.79543       8.30776       10.0847       13.0754       11.6104       4.82866       1.20057      0.317282      0.138024       0.12388      0.234733      0.753559  1.43896e-005  1.94123e-005  7.78383e-005   0.000652038    0.00289818   -0.00389722    -0.0028935  -0.000527948  -0.000192794  -0.000110461  1.78137e-005  4.74333e-005   2.4096e-005  2.02225e-005  3.39636e-005  7.31232e-005   9.2856e-005  5.08149e-005  2.17971e-005  1.25949e-005  1.14259e-005  1.45712e-005  1.96035e-005  1.79075e-005  7.61333e-006  1.92504e-006   5.1524e-007  2.26291e-007   2.0457e-007  3.89743e-007  1.27263e-006      0.547064             0
      9.57851       49.6523       76.4716       582.798       4128.02       4700.54       1987.52       460.455       283.788       426.944       612.564       364.674       136.796       80.9591       96.6539         154.5       151.799       68.1843       25.5371        13.434        11.397       13.8377       17.9444       15.9358       6.62822       1.64812      0.435584      0.189496      0.170083      0.322287       1.03471  1.67959e-005  2.30648e-005  9.35318e-005   0.000799845    0.00367469    -0.0049093    -0.0037649  -0.000702565  -0.000261742  -0.000153736  2.04658e-005   6.3212e-005  3.25651e-005  2.77427e-005  4.71678e-005   0.000102458   0.000130949  7.19787e-005  3.09659e-005   1.7929e-005  1.62885e-005  2.07943e-005   2.7998e-005  2.55909e-005  1.08849e-005   2.7532e-006   7.3709e-007   3.2379e-007  2.92754e-007  5.57811e-007  1.82206e-006     -0.541606             0
      69.2611       76.4716       266.691        1729.6       12511.6       14401.7       6150.94       1437.64       892.755       1351.61       1949.29        1165.3        438.57       260.231       311.311       498.415         490.3       220.439       82.6212       43.4878       36.9094       44.8283       58.1466       51.6477        21.485       5.34288       1.41219      0.614396       0.55148       1.04503       3.35548  3.01117e-005  4.64111e-005   0.000217062    0.00203154    0.00958905    -0.0150653    -0.0115245   -0.00218142  -0.000813705  -0.000449072   0.000162588   0.000279576   0.000139172   0.000113299     0.0001854   0.000392117   0.000491931   0.000267318   0.000114281  6.59292e-005  5.97627e-005  7.61823e-005   0.000102468  9.35876e-005  3.97834e-005  1.00583e-005  2.69196e-006  1.18225e-006  1.06874e-006  2.03611e-006   6.6482e-006      -1.80867             0
      449.719       582.798        1729.6       12112.4       88186.1        102850       44467.8         10510       6591.43       10064.5       14619.1       8790.66        3324.1       1979.83        2375.5       3812.08       3756.82       1691.45       634.648       334.326       283.933       345.019       447.689       397.765       165.503       41.1638       10.8815       4.73462       4.25009       8.05416       25.8655  9.18006e-005   0.000181504    0.00108465      0.011475     0.0556059     -0.107332    -0.0820037    -0.0158209   -0.00592908    -0.0030271    0.00209042    0.00282841    0.00138557    0.00109633    0.00174569    0.00361687    0.00446949     0.0024058    0.00102327   0.000588676   0.000532733    0.00067839   0.000911815   0.000832354   0.000353684  8.93941e-005  2.39197e-005  1.05034e-005  9.49382e-006  1.80856e-005  5.90369e-005      -2.45245             0
      3165.27       4128.02       12511.6       88186.1        652088        771850        338691       81162.2       51548.5       79599.8        116752       70784.8       26948.8       16138.8       19448.6       31317.1       30945.6       13961.6       5246.89       2767.41        2352.5       2860.68          3714       3301.21       1374.01       341.828       90.3777       39.3295       35.3083       66.9168       214.955    0.00209332    0.00292166     0.0115774      0.102475      0.537728     -0.617131     -0.566345     -0.118494    -0.0492702    -0.0337685   -0.00273463    0.00840225    0.00493699    0.00486711    0.00925807     0.0217129     0.0292751     0.0166714    0.00733672    0.00431336    0.00396121    0.00509686    0.00690263    0.00633702    0.00270445   0.000685798   0.000183954  8.09238e-005  7.32465e-005   0.000139678   0.000457418       6.15767             0
         3571       4700.54       14401.7        102850        771850        929690        415211        101185       65290.9        102305        152039       93250.2       35851.1       21642.7       26248.8       42480.5       42140.4       19069.4       7183.11       3795.44       3230.84       3932.91       5110.18          4545       1892.58       471.003       124.564       54.2174       48.6817        92.273       296.515    0.00849371     0.0107044     0.0330068      0.236475       1.36988     0.0213948      -0.46845     -0.129598    -0.0734003    -0.0916005      -0.11429    -0.0779056    -0.0345746    -0.0216374    -0.0246919    -0.0341973    -0.0255024    -0.0074431   -0.00150072  -0.000246372   0.000156949   0.000542951    0.00106788    0.00120874   0.000590273   0.000163887  4.67958e-005  2.15154e-005  2.01032e-005  3.92364e-005   0.000137607      -1.02642             0
      1497.69       1987.52       6150.94       44467.8        338691        415211        189088       46985.6         30932       49396.8       74723.7       46570.4       18155.1       11088.2       13576.3       22139.2       22093.7       10044.6       3797.41       2012.15       1716.56       2093.06       2723.07       2424.27       1010.24       251.558       66.5572       28.9789       26.0266       49.3411        158.65    0.00464075    0.00589985     0.0179545      0.126697      0.778491      0.248419     -0.124851    -0.0490143    -0.0350458    -0.0560352    -0.0894593    -0.0686266     -0.032268    -0.0217006    -0.0272707    -0.0432063     -0.039799    -0.0162343   -0.00552343    -0.0026646   -0.00209483   -0.00238097   -0.00291686   -0.00246572  -0.000982891  -0.000235964 -6.06391e-005 -2.58057e-005 -2.27682e-005 -4.25739e-005  -0.000130872       2.70522             0
      344.604       460.455       1437.64         10510       81162.2        101185       46985.6       11953.1       8033.53       13151.7       20346.7       12949.2       5143.03       3191.72       3960.46       6529.19       6572.97       3009.09       1143.81       608.653       520.949       636.825       830.123       740.135       308.779       76.9556       20.3744       8.87545       7.97428        15.122       48.6675     0.0009501    0.00122975     0.0038133     0.0275596      0.177324     0.0722629    -0.0208308    -0.0101368   -0.00796213    -0.0136929    -0.0233676    -0.0190991   -0.00943422    -0.0065826   -0.00850686     -0.013765    -0.0128747   -0.00530839   -0.00181992  -0.000882691   -0.00069651  -0.000793584  -0.000973683  -0.000823794  -0.000328509 -7.88758e-005 -2.02699e-005 -8.62568e-006 -7.60983e-006 -1.42284e-005 -4.37217e-005      -3.77693             0
      211.181       283.788       892.755       6591.43       51548.5       65290.9         30932       8033.53       5572.98       9331.44       14854.7       9701.27       3945.44       2499.99       3157.53       5282.53       5381.87        2487.5       952.735           510       438.534       537.999       703.234       628.328       262.558        65.517       17.3623       7.56877       6.80398       12.9081       41.5969   0.000470427   0.000619067    0.00196035     0.0145645     0.0975549     0.0442645   -0.00991406   -0.00549712   -0.00449948    -0.0079065    -0.0138848    -0.0121079    -0.0063383   -0.00459212   -0.00606408   -0.00988212   -0.00915546   -0.00368402   -0.00122313   -0.00057225  -0.000434734  -0.000476711  -0.000563348  -0.000459631  -0.000177091 -4.12277e-005 -1.03187e-005 -4.29567e-006 -3.72258e-006 -6.86101e-006 -2.00487e-005      -1.93526             0
      316.236       426.944       1351.61       10064.5       79599.8        102305       49396.8       13151.7       9331.44       16182.9       26509.5       17857.2       7470.55       4855.83       6270.08       10687.2       11056.7        5174.4       2001.63       1079.91       934.293       1151.67       1510.93       1353.82       566.947       141.707       37.6007       16.4072       14.7602       28.0177       90.4482   0.000551936   0.000736517    0.00237627     0.0181056      0.125589     0.0612194    -0.0116391   -0.00710076    -0.0059229    -0.0103616    -0.0183475    -0.0172478   -0.00968837   -0.00732782   -0.00988848    -0.0161303    -0.0145564   -0.00553663   -0.00169751  -0.000717945  -0.000482104  -0.000455861  -0.000451204  -0.000296621 -8.73015e-005 -1.45049e-005 -2.34733e-006 -5.22122e-007 -1.24607e-007  2.63446e-007  5.98478e-006      0.244112             0
      452.029       612.564       1949.29       14619.1        116752        152039       74723.7       20346.7       14854.7       26509.5       44966.6       31284.3       13521.6       9050.05       11994.5         20907       22039.1       10473.8       4102.16       2235.13       1948.85       2416.91       3185.83       2864.95       1203.13       301.364       80.0952       34.9934       31.5107       59.8568       193.677   0.000638561   0.000860967    0.00281366     0.0218263      0.156146     0.0842243     -0.010147   -0.00799068   -0.00695397    -0.0122292    -0.0220806    -0.0229797    -0.0140866    -0.0112502     -0.015671    -0.0258199     -0.022819   -0.00815294   -0.00223482   -0.00078283  -0.000372601  -0.000150112   0.000135834   0.000368147    0.00023927  7.67678e-005   2.3868e-005  1.15894e-005  1.12357e-005  2.25033e-005  8.47687e-005       2.83203             0
      268.305       364.674        1165.3       8790.66       70784.8       93250.2       46570.4       12949.2       9701.27       17857.2       31284.3       22566.6       10073.7       6973.31       9513.76       17014.8       18333.6       8873.54       3527.81        1945.5       1712.65       2140.07       2837.57       2563.44       1080.31       271.333       72.2632       31.6217        28.509       54.2048       175.901   0.000347487   0.000471145    0.00154393     0.0120356     0.0886235     0.0579104    0.00205521   -0.00245394   -0.00267168   -0.00519647    -0.0106554     -0.013273   -0.00912978   -0.00787641    -0.0116567    -0.0202086    -0.0186781   -0.00697049   -0.00200592  -0.000749876  -0.000400839  -0.000235483  -2.4386e-005   0.000192726   0.000155876  5.40967e-005  1.74981e-005  8.69662e-006  8.55815e-006  1.73149e-005  6.69894e-005       1.13341             0
      100.412       136.796        438.57        3324.1       26948.8       35851.1       18155.1       5143.03       3945.44       7470.55       13521.6       10073.7       4680.93       3328.87       4704.02       8652.18       9558.58       4725.98        1912.6       1070.23       953.271       1202.36          1606        1459.2       617.694       155.675       41.5701       18.2275       16.4587       31.3303       102.053    0.00012462   0.000169559   0.000555361    0.00433087     0.0326934     0.0254058    0.00420553   0.000112835  -0.000282609  -0.000816095   -0.00242452   -0.00434487   -0.00352313   -0.00335182    -0.0053562   -0.00994205   -0.00983292   -0.00396079   -0.00125231  -0.000532136  -0.000348013  -0.000307114  -0.000264423  -0.000129497 -1.57091e-005  3.95145e-006  2.70149e-006   1.7408e-006  1.95712e-006  4.28698e-006  1.98151e-005      -1.52236             0
      59.3178       80.9591       260.231       1979.83       16138.8       21642.7       11088.2       3191.72       2499.99       4855.83       9050.05       6973.31       3328.87       2483.31       3586.03       6824.45       7749.29       3926.14        1622.5       923.945       834.888       1065.34        1436.2       1314.46       559.598       141.658       37.9562       16.6866       15.0976       28.7835       94.2175  6.84936e-005  9.34673e-005   0.000306211    0.00239052     0.0184076     0.0161027     0.0039913   0.000585228   0.000244848   0.000276792  -0.000124147   -0.00171434    -0.0018415   -0.00198317    -0.0034521   -0.00687049   -0.00722018   -0.00308107   -0.00103478  -0.000470326  -0.000333402  -0.000326998  -0.000329334  -0.000214727 -6.01717e-005 -8.82792e-006 -1.02169e-006  7.39576e-009  3.24226e-007  1.08244e-006  8.42168e-006      -1.48557             0
      70.7175       96.6539       311.311        2375.5       19448.6       26248.8       13576.3       3960.46       3157.53       6270.08       11994.5       9513.76       4704.02       3586.03       5422.79       10590.6       12411.2       6461.88       2735.96       1590.84       1462.89       1893.73       2582.85       2385.95       1023.22       260.504       70.1107       30.9284       28.0571        53.599       176.586  7.32178e-005   0.000100163   0.000328422    0.00256826     0.0200858     0.0190506     0.0057532    0.00112102   0.000677808    0.00114405    0.00149802  -0.000684416   -0.00159867   -0.00205732   -0.00396075   -0.00848796   -0.00943969   -0.00421547   -0.00147583  -0.000698145  -0.000514729  -0.000525408  -0.000552349  -0.000378754  -0.000113781 -1.88269e-005 -2.91762e-006 -5.51683e-007  1.36478e-008  7.80923e-007  1.05874e-005     -0.835368             0
      112.918         154.5       498.415       3812.08       31317.1       42480.5       22139.2       6529.19       5282.53       10687.2         20907       17014.8       8652.18       6824.45       10590.6       21470.8       25922.6       13918.5       6056.57        3608.6       3388.83       4465.07       6179.04       5775.49       2500.15       641.246       173.582        76.918       70.0194       134.119       445.677    0.00010073   0.000138091   0.000453336    0.00355259     0.0281183     0.0281679    0.00952244    0.00210861    0.00144692    0.00272732    0.00452783    0.00104946   -0.00137124   -0.00243794   -0.00533977     -0.012411    -0.0145497   -0.00671278   -0.00240627   -0.00115753  -0.000860165  -0.000873889  -0.000896705  -0.000578733  -0.000151342 -1.76993e-005 -2.57943e-007  1.45049e-006  2.42168e-006   6.2642e-006  3.83141e-005       1.09411             0
      110.851       151.799         490.3       3756.82       30945.6       42140.4       22093.7       6572.97       5381.87       11056.7       22039.1       18333.6       9558.58       7749.29       12411.2       25922.6       32386.9       17928.5        8049.5       4929.88       4745.23       6386.48       8997.13       8533.87       3738.32        967.93       263.975       117.657        107.59       206.805       695.053  8.08359e-005   0.000111029   0.000365151    0.00286962     0.0229163     0.0237159    0.00852668    0.00202173    0.00148828    0.00300328    0.00556467    0.00255501  -0.000289336   -0.00145796   -0.00383547   -0.00974088    -0.0118808   -0.00548258   -0.00191604  -0.000872706  -0.000584082   -0.00048251  -0.000299591  4.41877e-005   0.000149518  6.71297e-005  2.45133e-005  1.30956e-005  1.35174e-005  2.82771e-005   0.000120226       2.03294             0
      49.7597       68.1843       220.439       1691.45       13961.6       19069.4       10044.6       3009.09        2487.5        5174.4       10473.8       8873.54       4725.98       3926.14       6461.88       13918.5       17928.5       10283.5        4749.5       3008.17       2975.61       4105.47       5908.52       5705.59       2536.43       664.589       182.973       82.1641       75.5735       145.923       497.756  2.84622e-005  3.91586e-005   0.000129049    0.00101732     0.0081779    0.00861643    0.00320143   0.000790475   0.000609888    0.00129456    0.00257436    0.00148416    0.00019838  -0.000302444   -0.00109968   -0.00309902   -0.00385481   -0.00167296  -0.000500881  -0.000157893 -1.49764e-005   0.000155691   0.000456134   0.000650095   0.000375247   0.000117725  3.67547e-005  1.80537e-005  1.77241e-005  3.59075e-005   0.000141531     -0.180347             0
      18.6274       25.5371       82.6212       634.648       5246.89       7183.11       3797.41       1143.81       952.735       2001.63       4102.16       3527.81        1912.6        1622.5       2735.96       6056.57        8049.5        4749.5       2292.58        1478.1       1520.42       2154.23       3178.16       3135.04       1418.77       377.225       105.091       47.6373        44.142       85.7271       298.089   8.2776e-006  1.14032e-005  3.76412e-005    0.00029747    0.00240337    0.00256575    0.00097616   0.000248166   0.000198021   0.000435693    0.00090863   0.000591458   0.000145685 -1.97023e-005  -0.000225304  -0.000741713  -0.000924027  -0.000335585 -4.74175e-005  3.85272e-005   0.000105738    0.00023916   0.000478271   0.000591488    0.00031909  9.68593e-005  2.97684e-005   1.4516e-005  1.42064e-005  2.87485e-005   0.000113638      -0.86872             0
      9.79543        13.434       43.4878       334.326       2767.41       3795.44       2012.15       608.653           510       1079.91       2235.13        1945.5       1070.23       923.945       1590.84        3608.6       4929.88       3008.17        1478.1       1016.74       1048.77       1549.99       2347.94       2373.74       1097.12       296.894       83.9156       38.4843       35.9926       70.4118       250.913  3.38249e-006  4.66412e-006  1.54132e-005   0.000122016   0.000989713    0.00106868   0.000414854   0.000107904  8.82274e-005   0.000199001   0.000428722   0.000301281  9.43264e-005  2.11401e-005 -4.71861e-005  -0.000216603  -0.000260861 -4.69529e-005  4.04325e-005  6.94175e-005   0.000117298   0.000236488   0.000457971   0.000564271   0.000306718  9.43138e-005  2.94114e-005  1.45437e-005  1.44103e-005  2.94657e-005   0.000121072     -0.583663             0
      8.30776        11.397       36.9094       283.933        2352.5       3230.84       1716.56       520.949       438.534       934.293       1948.85       1712.65       953.271       834.888       1462.89       3388.83       4745.23       2975.61       1520.42       1048.77       1166.48        1732.9       2726.12       2830.49       1340.19       370.217       106.451       49.5075       46.8259       92.4257       339.542  2.23148e-006  3.07907e-006  1.01824e-005  8.06967e-005   0.000656587   0.000716225   0.000282975  7.49538e-005  6.23848e-005   0.000143132   0.000315386   0.000233532  8.35324e-005   3.2962e-005   4.8524e-007 -7.61476e-005 -7.60881e-005  4.50281e-005  7.90188e-005  9.55986e-005   0.000151173   0.000305117   0.000606597   0.000774552   0.000437283   0.000139529  4.50125e-005  2.29257e-005  2.32855e-005  4.85873e-005   0.000214621     -0.392576             0
      10.0847       13.8377       44.8283       345.019       2860.68       3932.91       2093.06       636.825       537.999       1151.67       2416.91       2140.07       1202.36       1065.34       1893.73       4465.07       6386.48       4105.47       2154.23       1549.99        1732.9       2732.73       4379.25       4698.81       2283.43       645.483        189.25        89.444        85.711       170.952       651.141  2.10786e-006  2.90986e-006  9.62665e-006   7.6343e-005   0.000622675   0.000685444   0.000275027  7.39191e-005  6.23258e-005    0.00014467   0.000323833   0.000248902  9.69435e-005  4.80545e-005  3.03504e-005 -4.28692e-006  3.05907e-005   0.000126123    0.00013478   0.000151214   0.000240221   0.000502964    0.00105444    0.00142956   0.000856877   0.000289102  9.79766e-005  5.20264e-005  5.46823e-005   0.000117276   0.000569558     -0.343893             0
      13.0754       17.9444       58.1466       447.689          3714       5110.18       2723.07       830.123       703.234       1510.93       3185.83       2837.57          1606        1436.2       2582.85       6179.04       8997.13       5908.52       3178.16       2347.94       2726.12       4379.25       7322.93       8053.39       4032.25       1167.47       349.573       168.154       163.483       329.899       1309.58  2.12368e-006  2.93265e-006  9.70413e-006  7.69861e-005   0.000629116   0.000697995    0.00028375  7.71498e-005  6.56699e-005    0.00015366    0.00034782   0.000274722   0.000113414  6.37637e-005  5.90121e-005   6.3634e-005    0.00013854   0.000217955    0.00020421   0.000226083    0.00036964   0.000816302    0.00183359    0.00267937     0.0017261   0.000621142   0.000222365   0.000123512   0.000134587   0.000296985    0.00158735      0.146181             0
      11.6104       15.9358       51.6477       397.765       3301.21          4545       2424.27       740.135       628.328       1353.82       2864.95       2563.44        1459.2       1314.46       2385.95       5775.49       8533.87       5705.59       3135.04       2373.74       2830.49       4698.81       8053.39       9172.85       4697.23       1400.04       427.756       209.626       206.994       423.053       1759.79  1.45693e-006  2.01242e-006  6.66022e-006  5.28533e-005   0.000432533   0.000482716   0.000198144  5.43368e-005  4.65815e-005   0.000109668   0.000250355   0.000201703   8.6676e-005  5.26214e-005  5.75112e-005  8.61871e-005   0.000165805   0.000212102   0.000189765   0.000212153   0.000360594    0.00084641    0.00205051    0.00324122     0.0022442   0.000859175   0.000323747   0.000187428   0.000211085   0.000478066    0.00279173       1.41414             0
      4.82866       6.62822        21.485       165.503       1374.01       1892.58       1010.24       308.779       262.558       566.947       1203.13       1080.31       617.694       559.598       1023.22       2500.15       3738.32       2536.43       1418.77       1097.12       1340.19       2283.43       4032.25       4697.23       2496.49        746.57       238.638       118.084       118.538       245.638       1078.22  4.63916e-007   6.4094e-007  2.12173e-006  1.68437e-005   0.000137987   0.000154521  6.37867e-005  1.75916e-005  1.51645e-005  3.58975e-005   8.2531e-005  6.74425e-005  2.97683e-005  1.89547e-005  2.26272e-005   3.8621e-005  7.24662e-005  8.61045e-005  7.61307e-005  8.68438e-005   0.000154023     0.0003848    0.00100367    0.00170664    0.00126029   0.000509361    0.00020071   0.000120518     0.0001398   0.000324219    0.00206047       0.75106             0
      1.20057       1.64812       5.34288       41.1638       341.828       471.003       251.558       76.9556        65.517       141.707       301.364       271.333       155.675       141.658       260.504       641.246        967.93       664.589       377.225       296.894       370.217       645.483       1167.47       1400.04        746.57       248.971       66.1697       40.5949       39.1499        82.357       385.122  8.78364e-008  1.21377e-007    4.019e-007  3.19176e-006  2.61675e-005  2.93581e-005  1.21578e-005   3.3657e-006  2.91387e-006   6.9299e-006  1.60249e-005  1.32304e-005  5.94803e-006  3.90752e-006  4.91955e-006  9.00396e-006  1.68352e-005  1.94077e-005  1.71883e-005  2.00605e-005  3.70821e-005  9.82247e-005   0.000273789    0.00049583   0.000386658   0.000163632  6.70262e-005  4.15781e-005   4.9557e-005   0.000117532   0.000813114     -0.312911             0
     0.317282      0.435584       1.41219       10.8815       90.3777       124.564       66.5572       20.3744       17.3623       37.6007       80.0952       72.2632       41.5701       37.9562       70.1107       173.582       263.975       182.973       105.091       83.9156       106.451        189.25       349.573       427.756       238.638       66.1697       38.1521       3.69344        15.537        28.377       143.178  1.76465e-008  2.43887e-008  8.07719e-008  6.41666e-007  5.26368e-006  5.91283e-006  2.45385e-006  6.81181e-007  5.91681e-007  1.41232e-006  3.28057e-006  2.72921e-006  1.24339e-006  8.34949e-007  1.08918e-006  2.08251e-006  3.89994e-006  4.43271e-006  3.94861e-006  4.70842e-006  9.03333e-006  2.51911e-005  7.42907e-005   0.000141735   0.000115613   5.0863e-005  2.15501e-005  1.37667e-005   1.6829e-005  4.07784e-005   0.000307877     -0.479364             0
     0.138024      0.189496      0.614396       4.73462       39.3295       54.2174       28.9789       8.87545       7.56877       16.4072       34.9934       31.6217       18.2275       16.6866       30.9284        76.918       117.657       82.1641       47.6373       38.4843       49.5075        89.444       168.154       209.626       118.084       40.5949       3.69344       20.3568      -1.90101       17.8567       86.2134  5.83296e-009  8.06247e-009   2.6706e-008  2.12208e-007  1.74153e-006  1.95815e-006   8.1395e-007  2.26421e-007  1.97163e-007  4.71925e-007  1.09993e-006  9.20326e-007  4.23451e-007  2.88939e-007  3.86467e-007  7.61098e-007  1.42905e-006  1.61248e-006  1.44572e-006   1.7563e-006  3.47851e-006  1.01297e-005  3.12849e-005  6.22489e-005  5.26744e-005  2.39412e-005  1.04461e-005  6.85209e-006  8.57564e-006  2.12113e-005   0.000175539     -0.459717             0
      0.12388      0.170083       0.55148       4.25009       35.3083       48.6817       26.0266       7.97428       6.80398       14.7602       31.5107        28.509       16.4587       15.0976       28.0571       70.0194        107.59       75.5735        44.142       35.9926       46.8259        85.711       163.483       206.994       118.538       39.1499        15.537      -1.90101       21.3352       8.08884       108.005  3.97729e-009    5.498e-009  1.82136e-008  1.44752e-007  1.18833e-006  1.33715e-006  5.56533e-007  1.55062e-007   1.3528e-007  3.24474e-007  7.58189e-007  6.37145e-007   2.9535e-007  2.03943e-007  2.77784e-007  5.58606e-007   1.0515e-006  1.18169e-006   1.0658e-006  1.31496e-006  2.67396e-006  8.06707e-006  2.58517e-005  5.31866e-005  4.63617e-005  2.16522e-005  9.68947e-006  6.50703e-006  8.32155e-006  2.09884e-005   0.000191801     -0.551227             0
     0.234733      0.322287       1.04503       8.05416       66.9168        92.273       49.3411        15.122       12.9081       28.0177       59.8568       54.2048       31.3303       28.7835        53.599       134.119       206.805       145.923       85.7271       70.4118       92.4257       170.952       329.899       423.053       245.638        82.357        28.377       17.8567       8.08884       50.0839       265.984  5.72411e-009  7.91322e-009   2.6217e-008  2.08387e-007  1.71116e-006  1.92659e-006  8.02662e-007  2.23914e-007  1.95625e-007  4.69946e-007  1.10022e-006  9.27613e-007  4.32419e-007  3.01256e-007  4.15835e-007  8.48895e-007  1.60152e-006   1.7958e-006  1.62801e-006  2.03403e-006  4.22554e-006   1.3114e-005   4.3266e-005   9.1389e-005  8.15817e-005  3.89638e-005  1.78149e-005  1.22122e-005  1.59254e-005  4.09096e-005   0.000417504     -0.695251             0
     0.753559       1.03471       3.35548       25.8655       214.955       296.515        158.65       48.6675       41.5969       90.4482       193.677       175.901       102.053       94.2175       176.586       445.677       695.053       497.756       298.089       250.913       339.542       651.141       1309.58       1759.79       1078.22       385.122       143.178       86.2134       108.005       265.984       6720.48             0             0             0             0             0             0             0             0             0             0             0             0             0             0             0             0             0             0             0             0             0             0             0             0             0             0             0             0             0             0             0       1.19438             0
 1.43896e-005  1.67959e-005  3.01117e-005  9.18006e-005    0.00209332    0.00849371    0.00464075     0.0009501   0.000470427   0.000551936   0.000638561   0.000347487    0.00012462  6.84936e-005  7.32178e-005    0.00010073  8.08359e-005  2.84622e-005   8.2776e-006  3.38249e-006  2.23148e-006  2.10786e-006  2.12368e-006  1.45693e-006  4.63916e-007  8.78364e-008  1.76465e-008  5.83296e-009  3.97729e-009  5.72411e-009             0  3.90901e-005 -7.68327e-006  2.81536e-007  1.58763e-006  9.23003e-006  8.45842e-006  2.84115e-006    5.189e-007  2.50227e-007  2.92592e-007   3.2447e-007  1.48629e-007  4.27602e-008  1.93653e-008  1.76633e-008  2.15453e-008  1.61376e-008  5.52064e-009  1.57345e-009  6.29493e-010   4.0595e-010  3.74529e-010  3.68946e-010  2.48832e-010  7.85814e-011  1.48328e-011  2.97551e-012  9.82444e-013  6.69206e-013  9.62303e-013             0             0   -0.00108796
 1.94123e-005  2.30648e-005  4.64111e-005   0.000181504    0.00292166     0.0107044    0.00589985    0.00122975   0.000619067   0.000736517   0.000860967   0.000471145   0.000169559  9.34673e-005   0.000100163   0.000138091   0.000111029  3.91586e-005  1.14032e-005  4.66412e-006  3.07907e-006  2.90986e-006  2.93265e-006  2.01242e-006   6.4094e-007  1.21377e-007  2.43887e-008  8.06247e-009    5.498e-009  7.91322e-009             0 -7.68327e-006  1.57223e-005 -7.46921e-006  1.91059e-006  1.14512e-005  1.07867e-005   3.7116e-006  6.91774e-007  3.39255e-007  4.02181e-007  4.50952e-007  2.08383e-007   6.0365e-008  2.74849e-008  2.51731e-008  3.08038e-008   2.3129e-008  7.92731e-009  2.26264e-009  9.06219e-010  5.84896e-010   5.3997e-010  5.32179e-010  3.59056e-010  1.13422e-010  2.14138e-011  4.29639e-012  1.41874e-012  9.66487e-013  1.38989e-012             0             0   -0.00046032
 7.78383e-005  9.35318e-005   0.000217062    0.00108465     0.0115774     0.0330068     0.0179545     0.0038133    0.00196035    0.00237627    0.00281366    0.00154393   0.000555361   0.000306211   0.000328422   0.000453336   0.000365151   0.000129049  3.76412e-005  1.54132e-005  1.01824e-005  9.62665e-006  9.70413e-006  6.66022e-006  2.12173e-006    4.019e-007  8.07719e-008   2.6706e-008  1.82136e-008   2.6217e-008             0  2.81536e-007 -7.46921e-006  1.64636e-005 -2.54568e-006  3.25892e-005  3.17124e-005  1.12401e-005   2.1499e-006  1.07787e-006  1.30155e-006  1.48153e-006   6.9295e-007  2.02676e-007  9.29831e-008  8.56692e-008  1.05316e-007  7.93593e-008  2.72747e-008  7.80128e-009  3.12956e-009   2.0224e-009  1.86883e-009   1.8432e-009  1.24427e-009  3.93217e-010  7.42618e-011  1.49032e-011  4.92219e-012   3.3536e-012  4.82326e-012             0             0 -7.67688e-005
  0.000652038   0.000799845    0.00203154      0.011475      0.102475      0.236475      0.126697     0.0275596     0.0145645     0.0181056     0.0218263     0.0120356    0.00433087    0.00239052    0.00256826    0.00355259    0.00286962    0.00101732    0.00029747   0.000122016  8.06967e-005   7.6343e-005  7.69861e-005  5.28533e-005  1.68437e-005  3.19176e-006  6.41666e-007  2.12208e-007  1.44752e-007  2.08387e-007             0  1.58763e-006  1.91059e-006 -2.54568e-006  4.85464e-005   0.000204733   0.000214742  7.88774e-005   1.5582e-005  8.03709e-006  9.94348e-006  1.15503e-005  5.49269e-006   1.6281e-006  7.54914e-007  7.01383e-007  8.67906e-007  6.57336e-007  2.26808e-007  6.50699e-008  2.61643e-008  1.69382e-008  1.56734e-008  1.54746e-008  1.04546e-008  3.30589e-009  6.24626e-010  1.25396e-010  4.14266e-011  2.82305e-011  4.06082e-011             0             0    0.00198991
   0.00289818    0.00367469    0.00958905     0.0556059      0.537728       1.36988      0.778491      0.177324     0.0975549      0.125589      0.156146     0.0886235     0.0326934     0.0184076     0.0200858     0.0281183     0.0229163     0.0081779    0.00240337   0.000989713   0.000656587   0.000622675   0.000629116   0.000432533   0.000137987  2.61675e-005  5.26368e-006  1.74153e-006  1.18833e-006  1.71116e-006             0  9.23003e-006  1.14512e-005  3.25892e-005   0.000204733    0.00144413    0.00149894   0.000577184    0.00011854    6.333e-005   8.0812e-005  9.63869e-005  4.68587e-005  1.41412e-005  6.65166e-006  6.25026e-006   7.8028e-006  5.95047e-006  2.06417e-006  5.94645e-007   2.3986e-007  1.55655e-007  1.44296e-007  1.42663e-007  9.64853e-008  3.05347e-008  5.77293e-009  1.15949e-009  3.83194e-010  2.61203e-010  3.75806e-010             0             0     0.0055336
  -0.00389722    -0.0049093    -0.0150653     -0.107332     -0.617131     0.0213948      0.248419     0.0722629     0.0442645     0.0612194     0.0842243     0.0579104     0.0254058     0.0161027     0.0190506     0.0281679     0.0237159    0.00861643    0.00256575    0.00106868   0.000716225   0.000685444   0.000697995   0.000482716   0.000154521  2.93581e-005  5.91283e-006  1.95815e-006  1.33715e-006  1.92659e-006             0  8.45842e-006  1.07867e-005  3.17124e-005   0.000214742    0.00149894    0.00168365   0.000662932   0.000144147  8.03212e-005   0.000106464   0.000131292  6.56741e-005  2.02898e-005  9.72429e-006  9.27249e-006  1.17079e-005  9.00739e-006  3.14613e-006  9.11153e-007  3.69016e-007    2.402e-007   2.2318e-007  2.21032e-007  1.49681e-007  4.74175e-008  8.97193e-009  1.80311e-009  5.96176e-010  4.06523e-010  5.85041e-010             0             0   -0.00138051
   -0.0028935    -0.0037649    -0.0115245    -0.0820037     -0.566345      -0.46845     -0.124851    -0.0208308   -0.00991406    -0.0116391     -0.010147    0.00205521    0.00420553     0.0039913     0.0057532    0.00952244    0.00852668    0.00320143    0.00097616   0.000414854   0.000282975   0.000275027    0.00028375   0.000198144  6.37867e-005  1.21578e-005  2.45385e-006   8.1395e-007  5.56533e-007  8.02662e-007             0  2.84115e-006   3.7116e-006  1.12401e-005  7.88774e-005   0.000577184   0.000662932   0.000299604  5.64581e-005  3.76258e-005  5.22315e-005  6.71462e-005  3.48274e-005  1.10933e-005  5.45087e-006  5.30231e-006  6.80096e-006    5.297e-006    1.868e-006  5.45032e-007  2.22004e-007  1.45139e-007  1.35303e-007  1.34338e-007  9.11463e-008  2.89169e-008  5.47763e-009  1.10181e-009  3.64539e-010  2.48698e-010  3.58046e-010             0             0   -0.00389755
 -0.000527948  -0.000702565   -0.00218142    -0.0158209     -0.118494     -0.129598    -0.0490143    -0.0101368   -0.00549712   -0.00710076   -0.00799068   -0.00245394   0.000112835   0.000585228    0.00112102    0.00210861    0.00202173   0.000790475   0.000248166   0.000107904  7.49538e-005  7.39191e-005  7.71498e-005  5.43368e-005  1.75916e-005   3.3657e-006  6.81181e-007  2.26421e-007  1.55062e-007  2.23914e-007             0    5.189e-007  6.91774e-007   2.1499e-006   1.5582e-005    0.00011854   0.000144147  5.64581e-005  3.09435e-005  1.69606e-006  1.38889e-005    1.874e-005  1.01474e-005  3.35407e-006  1.69995e-006   1.6961e-006  2.22032e-006  1.75753e-006  6.27722e-007  1.84978e-007  7.59272e-008  4.99344e-008  4.67631e-008  4.65921e-008  3.16967e-008  1.00766e-008  1.91173e-009  3.84993e-010  1.27492e-010  8.70376e-011  1.25371e-010             0             0   -0.00133605
 -0.000192794  -0.000261742  -0.000813705   -0.00592908    -0.0492702    -0.0734003    -0.0350458   -0.00796213   -0.00449948    -0.0059229   -0.00695397   -0.00267168  -0.000282609   0.000244848   0.000677808    0.00144692    0.00148828   0.000609888   0.000198021  8.82274e-005  6.23848e-005  6.23258e-005  6.56699e-005  4.65815e-005  1.51645e-005  2.91387e-006  5.91681e-007  1.97163e-007   1.3528e-007  1.95625e-007             0  2.50227e-007  3.39255e-007  1.07787e-006  8.03709e-006    6.333e-005  8.03212e-005  3.76258e-005  1.69606e-006  2.18089e-005  1.82075e-006   1.3685e-005  7.77664e-006  2.68192e-006  1.40948e-006  1.44945e-006  1.94491e-006  1.57039e-006  5.69783e-007  1.69996e-007  7.04552e-008  4.66844e-008  4.39736e-008  4.40085e-008  3.00415e-008  9.57527e-009  1.82024e-009  3.67121e-010  1.21713e-010  8.31655e-011  1.19874e-010             0             0  -0.000387035
 -0.000110461  -0.000153736  -0.000449072    -0.0030271    -0.0337685    -0.0916005    -0.0560352    -0.0136929    -0.0079065    -0.0103616    -0.0122292   -0.00519647  -0.000816095   0.000276792    0.00114405    0.00272732    0.00300328    0.00129456   0.000435693   0.000199001   0.000143132    0.00014467    0.00015366   0.000109668  3.58975e-005   6.9299e-006  1.41232e-006  4.71925e-007  3.24474e-007  4.69946e-007             0  2.92592e-007  4.02181e-007  1.30155e-006  9.94348e-006   8.0812e-005   0.000106464  5.22315e-005  1.38889e-005  1.82075e-006  3.13537e-005  1.59056e-005  1.41849e-005  5.12574e-006  2.80615e-006  2.98794e-006  4.12718e-006  3.41223e-006  1.26183e-006  3.82201e-007  1.60299e-007  1.07207e-007  1.01713e-007  1.02362e-007   7.0175e-008  2.24406e-008  4.27656e-009  8.64181e-010  2.86922e-010  1.96268e-010  2.83135e-010             0             0   0.000680605
 1.78137e-005  2.04658e-005   0.000162588    0.00209042   -0.00273463      -0.11429    -0.0894593    -0.0233676    -0.0138848    -0.0183475    -0.0220806    -0.0106554   -0.00242452  -0.000124147    0.00149802    0.00452783    0.00556467    0.00257436    0.00090863   0.000428722   0.000315386   0.000323833    0.00034782   0.000250355   8.2531e-005  1.60249e-005  3.28057e-006  1.09993e-006  7.58189e-007  1.10022e-006             0   3.2447e-007  4.50952e-007  1.48153e-006  1.15503e-005  9.63869e-005   0.000131292  6.71462e-005    1.874e-005   1.3685e-005  1.59056e-005  5.32767e-005  1.59905e-005  9.03331e-006  5.17165e-006   5.7265e-006  8.17835e-006  6.95231e-006  2.63009e-006  8.11381e-007  3.45303e-007  2.33606e-007  2.23631e-007  2.26631e-007  1.56206e-007  5.01584e-008  9.58911e-009   1.9424e-009  6.46096e-010  4.42581e-010  6.39151e-010             0             0    0.00261961
 4.74333e-005   6.3212e-005   0.000279576    0.00282841    0.00840225    -0.0779056    -0.0686266    -0.0190991    -0.0121079    -0.0172478    -0.0229797     -0.013273   -0.00434487   -0.00171434  -0.000684416    0.00104946    0.00255501    0.00148416   0.000591458   0.000301281   0.000233532   0.000248902   0.000274722   0.000201703  6.74425e-005  1.32304e-005  2.72921e-006  9.20326e-007  6.37145e-007  9.27613e-007             0  1.48629e-007  2.08383e-007   6.9295e-007  5.49269e-006  4.68587e-005  6.56741e-005  3.48274e-005  1.01474e-005  7.77664e-006  1.41849e-005  1.59905e-005  3.14309e-005 -1.46675e-006  3.80166e-006  4.39532e-006  6.51965e-006  5.72465e-006  2.22506e-006   7.0184e-007  3.04087e-007  2.08681e-007   2.0203e-007  2.06548e-007  1.43339e-007  4.62695e-008  8.88154e-009  1.80466e-009  6.01709e-010  4.12923e-010  5.97145e-010             0             0    0.00188185
  2.4096e-005  3.25651e-005   0.000139172    0.00138557    0.00493699    -0.0345746     -0.032268   -0.00943422    -0.0063383   -0.00968837    -0.0140866   -0.00912978   -0.00352313    -0.0018415   -0.00159867   -0.00137124  -0.000289336    0.00019838   0.000145685  9.43264e-005  8.35324e-005  9.69435e-005   0.000113414   8.6676e-005  2.97683e-005  5.94803e-006  1.24339e-006  4.23451e-007   2.9535e-007  4.32419e-007             0  4.27602e-008   6.0365e-008  2.02676e-007   1.6281e-006  1.41412e-005  2.02898e-005  1.10933e-005  3.35407e-006  2.68192e-006  5.12574e-006  9.03331e-006 -1.46675e-006   1.8258e-005 -6.11565e-006  2.03705e-006  3.15268e-006  2.87381e-006  1.15346e-006  3.73772e-007  1.65576e-007  1.15683e-007  1.13609e-007  1.17467e-007  8.22408e-008  2.67296e-008  5.15801e-009  1.05234e-009  3.51967e-010  2.42114e-010  3.50769e-010             0             0   0.000429728
