IGOR
WAVES/D/O/N=(64, 64)	Hess
BEGIN
      20210.9       747.156       129.937       547.321       26000.5       92720.7        108240       50953.3       7359.58       1316.34        2884.6       7627.99       7300.65       4747.92       3659.32       3894.39       3735.41       2562.49       1174.33       476.339        341.87       424.418       485.309       321.221       72.1693       11.4091       2.89041       1.74269       2.64977       7.56559       19.2149    -0.0159486    0.00527698    0.00204474     0.0114867      0.505782       0.64804     -0.247729     -0.302811    -0.0437747   -0.00490059     -0.006341    -0.0124319    -0.0127603   -0.00990915   -0.00844324   -0.00893786   -0.00796828   -0.00499932   -0.00219745  -0.000895735  -0.000649056  -0.000807316  -0.000914079  -0.000590778  -0.000128883 -1.98916e-005 -4.95074e-006 -2.94643e-006 -4.43745e-006 -1.25793e-005 -3.12101e-005       5.32305             0
      747.156         31.65       3.64113       22.2245       1047.63       3683.73       4271.15        2014.1       292.644       52.7742       116.383       309.007       296.416       193.034       148.942       158.693       152.388        104.64       47.9851       19.4713       13.9783       17.3574       19.8517       13.1423       2.95325      0.466944      0.118309     0.0713368      0.108475      0.309729      0.786757   -0.00567449  1.24346e-005  4.86382e-005   0.000346186     0.0165304     0.0184316    -0.0135226    -0.0123161   -0.00163431   -0.00015237   -0.00011135 -2.04371e-005  1.68125e-005 -1.99867e-005 -2.75334e-005 -9.32671e-006    3.003e-005  4.75238e-005  2.82567e-005  1.20442e-005  8.80116e-006   1.1259e-005  1.36093e-005  9.79282e-006  2.39504e-006  4.02952e-007  1.06579e-007  6.62272e-008  1.02894e-007   2.9846e-007  7.96092e-007      -4.73952             0
      129.937       3.64113       3.06143       2.73098       201.946       697.617       802.309       379.519       55.6576       10.1678       22.6538       60.5561       58.3184       38.0719       29.4353       31.4268       30.2382       20.7985       9.54846       3.87717       2.78476       3.45931       3.95786       2.62113      0.589197     0.0931823     0.0236139     0.0142405     0.0216563     0.0618403      0.157122   -0.00196275 -3.61265e-005  2.15418e-006  3.93736e-005    0.00222599     0.0015872   -0.00358494   -0.00244264  -0.000284808 -1.73242e-005   1.9435e-005   0.000137151   0.000162508    0.00011158   9.0922e-005   0.000107182   0.000115712  8.75904e-005   4.2404e-005  1.75989e-005   1.2815e-005  1.61234e-005  1.87191e-005  1.26217e-005  2.88848e-006  4.63174e-007   1.1856e-007  7.20217e-008  1.10116e-007  3.15698e-007   8.1232e-007     -0.871635             0
      547.321       22.2245       2.73098       21.1925       941.641        3239.2       3719.12       1772.78       263.321       48.8836        110.38       297.902       288.705       189.294        146.87       157.322       151.825       104.689       48.1462        19.572       14.0691       17.4887       20.0206       13.2658       2.98336       0.47199      0.119642     0.0721649      0.109761      0.313464      0.796724    -0.0107629  -0.000268618 -1.34876e-005  8.02078e-005    0.00646237   -0.00055519    -0.0210779    -0.0120516   -0.00125956 -3.35237e-005   0.000278676    0.00133691    0.00157401    0.00112464   0.000936467    0.00109002    0.00114434   0.000845567   0.000405498   0.000168398   0.000122823    0.00015457   0.000179112   0.000120252  2.73823e-005  4.37392e-006  1.11656e-006  6.76969e-007   1.0336e-006  2.96027e-006  7.59251e-006      -1.50025             0
      26000.5       1047.63       201.946       941.641       47440.7        164126        190491       91968.2       13838.5        2603.5       5950.48       16219.8       15838.6       10445.3       8142.49       8756.85       8479.53          5863       2701.84       1099.91       791.522       984.743       1128.08       747.908       168.278       26.6326        6.7528       4.07396       6.19738        17.701       45.0071     -0.476711    -0.0128305  -0.000902147     0.0021632       0.24041     -0.164627      -1.13554     -0.636454      -0.06637   -0.00126602     0.0179632     0.0855325      0.102608     0.0747679     0.0631368     0.0740315      0.077987     0.0577525      0.027773     0.0115699    0.00846019     0.0106662     0.0123735    0.00831127    0.00189282   0.000302379   7.7198e-005  4.68094e-005  7.14747e-005    0.00020472   0.000525173       2.34485             0
      92720.7       3683.73       697.617        3239.2        164126        588662        708719        350012       53157.7       9994.15       22871.9       62606.6       61503.7       40805.7       31959.6       34473.8       33439.3       23146.6       10678.6       4352.36       3135.04       3903.02       4473.07       2966.22       667.441       105.638       26.7861       16.1606       24.5847       70.2206       178.559     -0.696817    -0.0122794    0.00160834     0.0234079       1.43931       1.32075      -2.57726      -2.08193     -0.277913    -0.0210568     0.0108686      0.124417      0.157735      0.110885     0.0926051       0.11359       0.12796      0.100192     0.0494848     0.0207537     0.0152227     0.0192717     0.0225089     0.0152731     0.0035157   0.000566265   0.000145421  8.85494e-005   0.000135623   0.000389339    0.00100597     -0.490082             0
       108240       4271.15       802.309       3719.12        190491        708719        889486        453158       70092.3         13268       30605.8       84658.3         84172         56489       44652.4       48473.8       47216.9       32780.4       15163.7       6195.79       4471.77        5575.4       6396.07       4243.86       955.236       151.224       38.3523       23.1422       35.2097       100.578       255.825     0.0591962     0.0146743    0.00604431     0.0412907       2.25138       3.72799      -1.02632      -2.07712      -0.36591    -0.0450308    -0.0580214     -0.110566     -0.129701     -0.118337     -0.111412     -0.123222     -0.110376    -0.0681748    -0.0299124    -0.0124166   -0.00915199    -0.0114988    -0.0130382   -0.00835715   -0.00179874  -0.000274329 -6.76551e-005 -3.99897e-005 -5.99172e-005   -0.00016919  -0.000414202     -0.171844             0
      50953.3        2014.1       379.519       1772.78       91968.2        350012        453158        237918       37701.3       7261.16       17045.4       48025.2       48635.2       33193.4       26607.1       29193.8       28662.2       20018.5       9306.61       3818.71       2765.31       3456.46       3972.49       2639.09       594.536       94.1824       23.8978       14.4258       21.9547       62.7288       159.668      0.189962     0.0118558    0.00343978     0.0210808       1.13956       2.27597      0.165135     -0.807474     -0.177436    -0.0264171     -0.047413      -0.13193     -0.170071     -0.150254     -0.141942     -0.166397     -0.164229     -0.113037    -0.0529098    -0.0223107    -0.0165503    -0.0210016     -0.024255    -0.0160232   -0.00357188  -0.000560911   -0.00014144 -8.50053e-005  -0.000128964  -0.000367622  -0.000928625      0.599465             0
      7359.58       292.644       55.6576       263.321       13838.5       53157.7       70092.3       37701.3        6128.9       1206.76       2906.28       8385.68       8685.76       6049.29       4933.61       5490.07       5450.76       3840.88       1798.41       742.175       539.862       677.127       780.255       519.363       117.171       18.5819       4.71894       2.85041       4.34017       12.4053       31.6135     0.0275134    0.00159589   0.000447425    0.00274894      0.152443      0.327378     0.0574853      -0.10031    -0.0247717   -0.00384686   -0.00713759    -0.0209993    -0.0290799    -0.0272071    -0.0267632    -0.0322735    -0.0324995    -0.0227061    -0.0107631   -0.00458814   -0.00343266   -0.00438382   -0.00508622   -0.00337039  -0.000752879  -0.000118411 -2.98941e-005 -1.79829e-005 -2.73017e-005 -7.78678e-005   -0.00019703      0.322497             0
      1316.34       52.7742       10.1678       48.8836        2603.5       9994.15         13268       7261.16       1206.76       247.238       605.953       1803.74       1916.33       1365.05        1135.5       1285.44       1294.93       923.449       436.471       181.431       132.719       167.197       193.329        129.04       29.1752       4.63452       1.17844      0.712504       1.08569       3.10489       7.92632    0.00238125   0.000169987  5.47094e-005   0.000366129     0.0214244     0.0449168    0.00274789    -0.0190012   -0.00438435  -0.000619557  -0.000889934   -0.00203056   -0.00308301   -0.00336606    -0.0035873   -0.00438272   -0.00428378   -0.00285945   -0.00133102  -0.000574251  -0.000435418  -0.000559752  -0.000647741  -0.000423559 -9.28941e-005 -1.43858e-005 -3.58996e-006 -2.14115e-006 -3.23017e-006 -9.16896e-006  -2.2835e-005      -1.63988             0
       2884.6       116.383       22.6538        110.38       5950.48       22871.9       30605.8       17045.4       2906.28       605.953          1557       4766.66       5220.43       3819.64       3254.61        3763.4       3861.17       2795.77       1337.53       561.229       413.577       524.041       608.719       407.779       92.4621       14.7202       3.74931        2.2698       3.46201       9.90815       25.3536    0.00140512   0.000188886  7.66175e-005   0.000570201     0.0352907     0.0703886    -0.0100446    -0.0442031   -0.00963695   -0.00127161   -0.00127438  -0.000867528   -0.00179072   -0.00348967   -0.00446374   -0.00535754   -0.00443266   -0.00219634  -0.000829441  -0.000364279  -0.000288919   -0.00037373  -0.000409115  -0.000230653 -4.01689e-005 -4.84063e-006 -9.43593e-007 -4.44133e-007 -5.35362e-007  -1.2286e-006  -6.2777e-007      0.395224             0
      7627.99       309.007       60.5561       297.902       16219.8       62606.6       84658.3       48025.2       8385.68       1803.74       4766.66       15122.5       17100.1         12901       11302.8       13398.8       14046.7       10357.5       5028.99       2135.15       1588.17       2027.26       2368.56       1593.98       362.727       57.9073       14.7805       8.96246       13.6868        39.208       100.627 -3.35285e-005    0.00027393   0.000138199    0.00111235      0.071774      0.139132    -0.0424966     -0.113218    -0.0246411   -0.00323617   -0.00257151    0.00270719    0.00279291   -0.00333252   -0.00676066   -0.00753147   -0.00299799    0.00222749    0.00220076   0.000967829   0.000696114   0.000914758    0.00122058    0.00102384   0.000287075  5.27704e-005  1.47723e-005  9.53458e-006  1.52097e-005  4.49632e-005    0.00012697      0.651586             0
      7300.65       296.416       58.3184       288.705       15838.6       61503.7         84172       48635.2       8685.76       1916.33       5220.43       17100.1       19999.7       15583.8       14080.6       17161.4       18435.3       13880.4       6858.66       2954.17       2223.06       2864.06       3370.71       2281.34       521.443       83.5299       21.3766       12.9883       19.8653       56.9742       146.772     0.0007327   0.000233135   0.000109206    0.00087232     0.0569856       0.11549    -0.0267414    -0.0909134    -0.0208566   -0.00280645    -0.0020565    0.00396599    0.00413183   -0.00309792    -0.0076219    -0.0091684   -0.00409713    0.00246887    0.00263834    0.00115379   0.000816802    0.00107027    0.00146023    0.00127344   0.000368791  6.91346e-005  1.95909e-005  1.27474e-005  2.04492e-005   6.0697e-005   0.000173494    -0.0261359             0
      4747.92       193.034       38.0719       189.294       10445.3       40805.7         56489       33193.4       6049.29       1365.05       3819.64         12901       15583.8       12559.4       11716.8       14720.2       16247.8       12529.3       6320.44       2770.48       2115.17       2757.04       3274.95       2232.63       513.186       82.5668       21.2016       12.9155       19.7935       56.8549        147.18    0.00188485   0.000177811  6.69287e-005    0.00050233     0.0325554     0.0722972   0.000505654    -0.0426405    -0.0107728   -0.00145384  -0.000832468    0.00339842    0.00279579   -0.00316576   -0.00750304    -0.0104904   -0.00800739   -0.00217839  -0.000162622  -0.000175324  -0.000259293  -0.000403816  -0.000363879  -9.6487e-006   6.7622e-005  2.00522e-005  6.88673e-006  4.96897e-006  8.48888e-006   2.6266e-005  8.39111e-005     -0.143354             0
      3659.32       148.942       29.4353        146.87       8142.49       31959.6       44652.4       26607.1       4933.61        1135.5       3254.61       11302.8       14080.6       11716.8       11302.4         14653       16666.3       13206.9       6826.69       3056.59       2375.82       3142.85       3777.98       2599.99       602.065       97.4294       25.1311       15.3628       23.6074         67.95       177.069    0.00215839   0.000147438  4.80632e-005   0.000341856     0.0219503     0.0528155      0.011434    -0.0212445   -0.00609234  -0.000782611 -7.77526e-005    0.00389585    0.00326867   -0.00225669   -0.00673597    -0.0106651   -0.00985798   -0.00465291   -0.00179246   -0.00104979   -0.00104667   -0.00156393   -0.00185178   -0.00105391  -0.000171881 -1.81432e-005  -2.8395e-006 -9.15408e-007 -4.79734e-007  6.20139e-007   1.8789e-005     -0.205521             0
      3894.39       158.693       31.4268       157.322       8756.85       34473.8       48473.8       29193.8       5490.07       1285.44        3763.4       13398.8       17161.4       14720.2         14653       19634.2       23051.6         18835       10014.2        4598.4       3653.35          4923       6008.78       4186.52       979.032       159.669       41.4367       25.4508       39.2528       113.302       297.948    0.00225941    0.00014063  4.33767e-005   0.000301842     0.0193654     0.0486583     0.0156482    -0.0149905   -0.00477759  -0.000563367   0.000380913    0.00543869    0.00534866  -0.000814815   -0.00615139    -0.0109747    -0.0106536   -0.00501505     -0.002034   -0.00137812   -0.00150715   -0.00239242   -0.00296726   -0.00176494  -0.000304104 -3.47066e-005  -6.1443e-006 -2.48925e-006 -2.38039e-006 -3.70663e-006  1.79017e-005     0.0695507             0
      3735.41       152.388       30.2382       151.825       8479.53       33439.3       47216.9       28662.2       5450.76       1294.93       3861.17       14046.7       18435.3       16247.8       16666.3       23051.6       27984.8       23629.7       12969.2        6131.7       5000.37       6892.45       8575.08        6069.8        1437.8       236.909       61.9829       38.3128       59.3821       172.058       458.102    0.00164417   0.000102779  3.18706e-005   0.000223271     0.0144406     0.0365978      0.012081    -0.0112962   -0.00366017  -0.000414192   0.000491831    0.00552967      0.006229   0.000845354   -0.00403391   -0.00812958   -0.00725503   -0.00173949 -6.90585e-005  -0.000535395  -0.000946378   -0.00177023   -0.00224732   -0.00114216  -0.000107413  5.16685e-006  5.84031e-006  5.65943e-006  1.11313e-005  3.74234e-005   0.000145753     0.0578866             0
      2562.49        104.64       20.7985       104.689          5863       23146.6       32780.4       20018.5       3840.88       923.449       2795.77       10357.5       13880.4       12529.3       13206.9         18835       23629.7       20657.9       11730.1       5731.63       4817.11       6821.14       8686.67        6271.2       1509.91       252.098       66.6551       41.5446       64.8106       188.737       510.893   0.000723334  4.82896e-005  1.56502e-005    0.00011241     0.0073688     0.0184093    0.00502035    -0.0069491   -0.00214564  -0.000251921   0.000267718    0.00338786    0.00421451    0.00115061   -0.00175027   -0.00392078   -0.00258078     0.0015597    0.00187466   0.000606737   0.000138737   -0.00013618  -9.9873e-005   0.000458059   0.000296543  7.62766e-005  2.55799e-005  1.84794e-005  3.18093e-005  9.92615e-005   0.000329333      0.123948             0
      1174.33       47.9851       9.54846       48.1462       2701.84       10678.6       15163.7       9306.61       1798.41       436.471       1337.53       5028.99       6858.66       6320.44       6826.69       10014.2       12969.2       11730.1       6906.24       3492.65       3037.66          4436       5806.49       4292.33       1054.24       178.924        47.938       30.1953       47.4984       139.222       385.066   0.000250581  1.67964e-005  5.46512e-006  3.94245e-005    0.00259717     0.0065198    0.00180071   -0.00248105  -0.000773023 -8.92259e-005   0.000119683    0.00140334    0.00184146   0.000667308  -0.000492636     -0.001319  -0.000582352    0.00140654    0.00139235   0.000561236   0.000292617   0.000250366   0.000406595   0.000675827   0.000299615   7.0724e-005  2.31041e-005   1.6556e-005  2.84522e-005  8.88449e-005   0.000297388      0.145964             0
      476.339       19.4713       3.87717        19.572       1099.91       4352.36       6195.79       3818.71       742.175       181.431       561.229       2135.15       2954.17       2770.48       3056.59        4598.4        6131.7       5731.63       3492.65       1836.01       1651.12       2497.58       3371.95        2561.9       644.181       111.499       30.3584       19.3721       30.7893       90.9819       258.605   0.000105625  6.34148e-006  1.91945e-006  1.33752e-005   0.000872296    0.00228916   0.000923947  -0.000565596  -0.000204628 -1.86022e-005   7.0362e-005   0.000583624   0.000781253   0.000368011 -4.64743e-005  -0.000331351 -6.12918e-005   0.000686668   0.000635098   0.000251316   0.000116547  6.43233e-005   0.000106833   0.000281952   0.000148083   3.7684e-005  1.28868e-005  9.53475e-006  1.67784e-005  5.33403e-005   0.000189243     -0.253875             0
       341.87       13.9783       2.78476       14.0691       791.522       3135.04       4471.77       2765.31       539.862       132.719       413.577       1588.17       2223.06       2115.17       2375.82       3653.35       5000.37       4817.11       3037.66       1651.12       1547.01       2418.65       3380.43       2647.73       683.801       121.082       33.5971       21.7717       35.0333       104.541       307.199  8.12754e-005   4.4274e-006  1.24097e-006  8.29003e-006   0.000532965    0.00147354   0.000813048  -0.000129291 -7.88512e-005 -1.82912e-006  6.68158e-005   0.000437878   0.000595063   0.000342156  9.38397e-005 -4.92841e-005   0.000140956   0.000610837   0.000517761   0.000203383  8.58797e-005  1.72853e-005  2.13982e-005    0.00020208   0.000130201  3.60967e-005  1.30435e-005  1.00516e-005  1.82502e-005  5.94471e-005   0.000228685     -0.215662             0
      424.418       17.3574       3.45931       17.4887       984.743       3903.02        5575.4       3456.46       677.127       167.197       524.041       2027.26       2864.06       2757.04       3142.85          4923       6892.45       6821.14          4436       2497.58       2418.65       3933.47       5685.58       4602.29       1223.45       222.134       62.9487       41.5049       67.7271       204.364       624.006   0.000102322  5.22651e-006  1.38077e-006  8.89388e-006   0.000564181    0.00163276    0.00110626  8.06404e-005 -3.60941e-005  7.99446e-006  9.56874e-005   0.000548836   0.000757077   0.000498553   0.000259041   0.000179532   0.000448765   0.000960183   0.000765773   0.000320452   0.000160048  8.24736e-005   0.000121083   0.000421454   0.000256444  7.28471e-005  2.72834e-005  2.17598e-005  4.06957e-005   0.000135813   0.000568172     0.0588155             0
      485.309       19.8517       3.95786       20.0206       1128.08       4473.07       6396.07       3972.49       780.255       193.329       608.719       2368.56       3370.71       3274.95       3777.98       6008.78       8575.08       8686.67       5806.49       3371.95       3380.43       5685.58       8519.54       7120.77       1951.04       363.535        105.33        70.741       117.182        357.88       1139.97   0.000109193  5.37204e-006  1.36608e-006  8.57802e-006   0.000538868    0.00161166    0.00123359     0.0002354   5.0706e-007  1.51251e-005   0.000110828   0.000593367   0.000830401   0.000596627   0.000398145   0.000411969   0.000775444    0.00131137    0.00103072   0.000478754   0.000310086   0.000330885   0.000594557    0.00108222   0.000558444   0.000155704  5.92334e-005   4.8333e-005  9.24208e-005   0.000314372    0.00140891    -0.0244904             0
      321.221       13.1423       2.62113       13.2658       747.908       2966.22       4243.86       2639.09       519.363        129.04       407.779       1593.98       2281.34       2232.63       2599.99       4186.52        6069.8        6271.2       4292.33        2561.9       2647.73       4602.29       7120.77       6148.67       1731.89       331.888       98.2438       67.2478       113.163       350.069       1168.32  5.99243e-005  2.90734e-006  7.28427e-007  4.52797e-006   0.000283429   0.000860057   0.000690602   0.000161337  8.68148e-006   9.8775e-006  6.39573e-005   0.000335473    0.00047607   0.000358874   0.000267246   0.000316981   0.000577066   0.000918307   0.000740128   0.000382907   0.000306975   0.000461901   0.000933371      0.001433   0.000678283   0.000187007  7.20406e-005  5.98721e-005   0.000116581   0.000402893    0.00191748      0.448229             0
      72.1693       2.95325      0.589197       2.98336       168.278       667.441       955.236       594.536       117.171       29.1752       92.4621       362.727       521.443       513.186       602.065       979.032        1437.8       1509.91       1054.24       644.181       683.801       1223.45       1951.04       1731.89       504.573       97.1297       30.2175       20.8406        35.652       111.814       393.447  1.01224e-005  4.92038e-007  1.23557e-007  7.69614e-007   4.8249e-005   0.000146348    0.00011722   2.7117e-005  1.41756e-006  1.70053e-006  1.11322e-005  5.89253e-005  8.46852e-005  6.52436e-005  5.07018e-005  6.39697e-005   0.000119686   0.000192676   0.000161994  9.15895e-005   8.5081e-005   0.000154589   0.000342173   0.000512295   0.000238134  6.62781e-005  2.60306e-005  2.20902e-005  4.38525e-005   0.000154099   0.000782548     0.0333426             0
      11.4091      0.466944     0.0931823       0.47199       26.6326       105.638       151.224       94.1824       18.5819       4.63452       14.7202       57.9073       83.5299       82.5668       97.4294       159.669       236.909       252.098       178.924       111.499       121.082       222.134       363.535       331.888       97.1297       21.9213       4.70893       4.71622       7.58977       24.1574       90.4055  1.18063e-006  5.76673e-008  1.45596e-008  9.10725e-008    5.723e-006   1.7299e-005  1.36839e-005   3.0125e-006  1.24156e-007  1.95603e-007  1.32551e-006  7.11031e-006  1.03216e-005  8.05223e-006  6.39876e-006  8.38096e-006  1.61621e-005  2.65965e-005  2.32039e-005  1.39955e-005  1.43493e-005  2.93457e-005  6.98528e-005    0.00010633  4.99945e-005  1.42116e-005  5.71881e-006  4.96888e-006  1.00756e-005  3.60593e-005   0.000197031      -0.15179             0
      2.89041      0.118309     0.0236139      0.119642        6.7528       26.7861       38.3523       23.8978       4.71894       1.17844       3.74931       14.7805       21.3766       21.2016       25.1311       41.4367       61.9829       66.6551        47.938       30.3584       33.5971       62.9487        105.33       98.2438       30.2175       4.70893       4.06719     -0.014086       2.84502       8.05239       32.4282   2.2217e-007  1.08926e-008  2.76154e-009  1.73294e-008  1.09092e-006  3.28891e-006  2.57662e-006  5.44625e-007  1.72472e-008  3.63867e-008  2.53377e-007    1.373e-006  2.00819e-006  1.58133e-006  1.27724e-006  1.71825e-006  3.38843e-006  5.67513e-006  5.09324e-006   3.2207e-006  3.54243e-006  7.87413e-006  1.98598e-005  3.10047e-005  1.48683e-005  4.32889e-006  1.78624e-006  1.58964e-006   3.2941e-006  1.20147e-005  7.11161e-005     -0.119793             0
      1.74269     0.0713368     0.0142405     0.0721649       4.07396       16.1606       23.1422       14.4258       2.85041      0.712504        2.2698       8.96246       12.9883       12.9155       15.3628       25.4508       38.3128       41.5446       30.1953       19.3721       21.7717       41.5049        70.741       67.2478       20.8406       4.71622     -0.014086       3.16907      0.455093        6.5216       27.1192  1.00551e-007  4.93956e-009  1.25507e-009  7.88973e-009  4.97198e-007  1.49717e-006  1.16751e-006  2.41781e-007  6.48496e-009  1.64441e-008  1.16108e-007  6.32964e-007  9.30972e-007  7.38925e-007  6.05322e-007  8.31356e-007  1.66316e-006  2.81782e-006  2.58195e-006  1.69112e-006  1.95945e-006  4.63236e-006  1.22257e-005  1.95601e-005  9.57382e-006  2.85228e-006  1.20525e-006  1.09745e-006  2.32272e-006  8.63288e-006   5.5722e-005     -0.125251             0
      2.64977      0.108475     0.0216563      0.109761       6.19738       24.5847       35.2097       21.9547       4.34017       1.08569       3.46201       13.6868       19.8653       19.7935       23.6074       39.2528       59.3821       64.8106       47.4984       30.7893       35.0333       67.7271       117.182       113.163        35.652       7.58977       2.84502      0.455093       5.57383       10.1114       56.6376  1.15901e-007  5.69531e-009  1.44764e-009  9.10402e-009  5.73949e-007   1.7286e-006  1.34828e-006  2.79416e-007  7.61203e-009  1.91328e-008  1.35198e-007  7.38735e-007  1.09097e-006  8.72217e-007  7.24113e-007  1.01136e-006  2.03907e-006  3.47542e-006  3.23184e-006  2.17333e-006  2.61877e-006  6.48343e-006  1.77186e-005  2.89499e-005  1.44345e-005  4.38985e-006  1.89511e-006  1.76228e-006  3.80468e-006  1.44014e-005    0.00010226     -0.160615             0
      7.56559      0.309729     0.0618403      0.313464        17.701       70.2206       100.578       62.7288       12.4053       3.10489       9.90815        39.208       56.9742       56.8549         67.95       113.302       172.058       188.737       139.222       90.9819       104.541       204.364        357.88       350.069       111.814       24.1574       8.05239        6.5216       10.1114        41.086       215.572  2.52412e-007  1.23939e-008  3.14786e-009  1.97876e-008  1.24744e-006  3.76087e-006  2.94295e-006  6.18464e-007  1.91437e-008  4.23242e-008  2.96883e-007  1.62208e-006  2.40259e-006  1.93341e-006   1.6249e-006  2.30074e-006  4.65517e-006  7.95293e-006  7.47284e-006  5.12624e-006   6.3629e-006  1.63086e-005  4.57695e-005  7.60729e-005  3.85343e-005  1.19281e-005  5.24634e-006  4.97081e-006   1.0929e-005   4.2093e-005   0.000332942      0.306937             0
      19.2149      0.786757      0.157122      0.796724       45.0071       178.559       255.825       159.668       31.6135       7.92632       25.3536       100.627       146.772        147.18       177.069       297.948       458.102       510.893       385.066       258.605       307.199       624.006       1139.97       1168.32       393.447       90.4055       32.4282       27.1192       56.6376       215.572       4148.59             0             0             0             0             0             0             0             0             0             0             0             0             0             0             0             0             0             0             0             0             0             0             0             0             0             0             0             0             0             0             0    -0.0416365             0
   -0.0159486   -0.00567449   -0.00196275    -0.0107629     -0.476711     -0.696817     0.0591962      0.189962     0.0275134    0.00238125    0.00140512 -3.35285e-005     0.0007327    0.00188485    0.00215839    0.00225941    0.00164417   0.000723334   0.000250581   0.000105625  8.12754e-005   0.000102322   0.000109193  5.99243e-005  1.01224e-005  1.18063e-006   2.2217e-007  1.00551e-007  1.15901e-007  2.52412e-007             0    0.00011449  3.32563e-006  5.08765e-007  1.68748e-006  6.57336e-005   0.000212502   0.000203339  7.48221e-005  8.45524e-006  1.19324e-006  2.03859e-006   4.1643e-006  3.06114e-006  1.52189e-006  8.93923e-007  7.24789e-007  5.30049e-007  2.77222e-007  9.66599e-008  2.97514e-008  1.61788e-008  1.52073e-008  1.31684e-008  6.61061e-009  1.12817e-009  1.35485e-010  2.60658e-011  1.19309e-011  1.37687e-011  2.98327e-011             0             0   -0.00392151
   0.00527698  1.24346e-005 -3.61265e-005  -0.000268618    -0.0128305    -0.0122794     0.0146743     0.0118558    0.00159589   0.000169987   0.000188886    0.00027393   0.000233135   0.000177811   0.000147438    0.00014063   0.000102779  4.82896e-005  1.67964e-005  6.34148e-006   4.4274e-006  5.22651e-006  5.37204e-006  2.90734e-006  4.92038e-007  5.76673e-008  1.08926e-008  4.93956e-009  5.69531e-009  1.23939e-008             0  3.32563e-006  6.94774e-007 -2.66793e-007  6.68561e-008  2.66483e-006  8.28029e-006  7.83075e-006  2.91202e-006  3.35535e-007  4.83805e-008  8.39489e-008  1.73246e-007  1.28289e-007  6.42022e-008  3.79505e-008  3.09318e-008  2.26966e-008  1.18898e-008  4.15339e-009  1.28297e-009  7.00867e-010  6.62089e-010  5.75946e-010  2.89871e-010  4.94857e-011  5.94151e-012   1.1429e-012  5.23127e-013  6.03802e-013  1.30858e-012             0             0  -0.000220076
   0.00204474  4.86382e-005  2.15418e-006 -1.34876e-005  -0.000902147    0.00160834    0.00604431    0.00343978   0.000447425  5.47094e-005  7.66175e-005   0.000138199   0.000109206  6.69287e-005  4.80632e-005  4.33767e-005  3.18706e-005  1.56502e-005  5.46512e-006  1.91945e-006  1.24097e-006  1.38077e-006  1.36608e-006  7.28427e-007  1.23557e-007  1.45596e-008  2.76154e-009  1.25507e-009  1.44764e-009  3.14786e-009             0  5.08765e-007 -2.66793e-007  5.74443e-007 -2.73417e-007  5.06414e-007  1.51412e-006  1.41526e-006  5.35233e-007  6.35593e-008   9.4818e-009  1.68762e-008  3.54343e-008  2.65672e-008  1.34397e-008  8.02516e-009  6.59649e-009  4.86791e-009  2.55807e-009   8.9648e-010    2.784e-010  1.53084e-010   1.4563e-010  1.27486e-010  6.43944e-011  1.09998e-011   1.3205e-012  2.53981e-013   1.1626e-013  1.34225e-013  2.91002e-013             0             0   3.1463e-005
    0.0114867   0.000346186  3.93736e-005  8.02078e-005     0.0021632     0.0234079     0.0412907     0.0210808    0.00274894   0.000366129   0.000570201    0.00111235    0.00087232    0.00050233   0.000341856   0.000301842   0.000223271    0.00011241  3.94245e-005  1.33752e-005  8.29003e-006  8.89388e-006  8.57802e-006  4.52797e-006  7.69614e-007  9.10725e-008  1.73294e-008  7.88973e-009  9.10402e-009  1.97876e-008             0  1.68748e-006  6.68561e-008 -2.73417e-007  6.22596e-007  1.95399e-006  6.61505e-006  6.22279e-006  2.42311e-006  2.99409e-007  4.66148e-008  8.58379e-008  1.84778e-007  1.41125e-007  7.24894e-008  4.38709e-008  3.64659e-008  2.71309e-008  1.43339e-008  5.04711e-009  1.57656e-009  8.72487e-010  8.35403e-010  7.35511e-010  3.72784e-010  6.37399e-011  7.65373e-012  1.47238e-012  6.74169e-013  7.78622e-013  1.68875e-012             0             0   0.000414583
     0.505782     0.0165304    0.00222599    0.00646237       0.24041       1.43931       2.25138       1.13956      0.152443     0.0214244     0.0352907      0.071774     0.0569856     0.0325554     0.0219503     0.0193654     0.0144406     0.0073688    0.00259717   0.000872296   0.000532965   0.000564181   0.000538868   0.000283429   4.8249e-005    5.723e-006  1.09092e-006  4.97198e-007  5.73949e-007  1.24744e-006             0  6.57336e-005  2.66483e-006  5.06414e-007  1.95399e-006    0.00010309   0.000310209   0.000302335   0.000122367  1.56916e-005  2.53145e-006  4.81134e-006  1.06292e-005  8.28519e-006  4.32525e-006  2.65265e-006  2.22906e-006  1.67284e-006  8.89664e-007  3.14876e-007  9.87863e-008  5.48755e-008  5.27146e-008  4.65368e-008  2.36313e-008  4.04503e-009  4.86074e-010  9.35606e-011  4.28584e-011  4.95173e-011  1.07432e-010             0             0    0.00127706
      0.64804     0.0184316     0.0015872   -0.00055519     -0.164627       1.32075       3.72799       2.27597      0.327378     0.0449168     0.0703886      0.139132       0.11549     0.0722972     0.0528155     0.0486583     0.0365978     0.0184093     0.0065198    0.00228916    0.00147354    0.00163276    0.00161166   0.000860057   0.000146348   1.7299e-005  3.28891e-006  1.49717e-006   1.7286e-006  3.76087e-006             0   0.000212502  8.28029e-006  1.51412e-006  6.61505e-006   0.000310209     0.0010278    0.00109215   0.000466171  6.09871e-005  9.84984e-006  1.88693e-005  4.22439e-005  3.33871e-005  1.76128e-005  1.08699e-005  9.17148e-006  6.91131e-006  3.69311e-006  1.31068e-006  4.10643e-007  2.27198e-007   2.1706e-007  1.90606e-007  9.65395e-008  1.65343e-008  1.98917e-009  3.83215e-010  1.75629e-010  2.02941e-010  4.40252e-010             0             0   0.000113029
    -0.247729    -0.0135226   -0.00358494    -0.0210779      -1.13554      -2.57726      -1.02632      0.165135     0.0574853    0.00274789    -0.0100446    -0.0424966    -0.0267414   0.000505654      0.011434     0.0156482      0.012081    0.00502035    0.00180071   0.000923947   0.000813048    0.00110626    0.00123359   0.000690602    0.00011722  1.36839e-005  2.57662e-006  1.16751e-006  1.34828e-006  2.94295e-006             0   0.000203339  7.83075e-006  1.41526e-006  6.22279e-006   0.000302335    0.00109215    0.00128162    0.00058771  8.03115e-005  1.32363e-005  2.59589e-005  5.97133e-005  4.84659e-005  2.61291e-005   1.6376e-005  1.39668e-005  1.06189e-005  5.72161e-006  2.04211e-006   6.4043e-007  3.53481e-007  3.36181e-007  2.93769e-007  1.48453e-007  2.54506e-008  3.06663e-009  5.91489e-010  2.71271e-010  3.13541e-010  6.80168e-010             0             0  -0.000423887
    -0.302811    -0.0123161   -0.00244264    -0.0120516     -0.636454      -2.08193      -2.07712     -0.807474      -0.10031    -0.0190012    -0.0442031     -0.113218    -0.0909134    -0.0426405    -0.0212445    -0.0149905    -0.0112962    -0.0069491   -0.00248105  -0.000565596  -0.000129291  8.06404e-005     0.0002354   0.000161337   2.7117e-005   3.0125e-006  5.44625e-007  2.41781e-007  2.79416e-007  6.18464e-007             0  7.48221e-005  2.91202e-006  5.35233e-007  2.42311e-006   0.000122367   0.000466171    0.00058771   0.000290249  4.16024e-005  7.20121e-006  1.47225e-005  3.52809e-005  2.97413e-005  1.65608e-005  1.06479e-005  9.25997e-006  7.14809e-006  3.89943e-006  1.40502e-006  4.43311e-007  2.45492e-007  2.33775e-007  2.04331e-007  1.03331e-007  1.77459e-008  2.14188e-009  4.13658e-010  1.89883e-010  2.19594e-010  4.76522e-010             0             0   -0.00049952
   -0.0437747   -0.00163431  -0.000284808   -0.00125956      -0.06637     -0.277913      -0.36591     -0.177436    -0.0247717   -0.00438435   -0.00963695    -0.0246411    -0.0208566    -0.0107728   -0.00609234   -0.00477759   -0.00366017   -0.00214564  -0.000773023  -0.000204628 -7.88512e-005 -3.60941e-005   5.0706e-007  8.68148e-006  1.41756e-006  1.24156e-007  1.72472e-008  6.48496e-009  7.61203e-009  1.91437e-008             0  8.45524e-006  3.35535e-007  6.35593e-008  2.99409e-007  1.56916e-005  6.09871e-005  8.03115e-005  4.16024e-005  6.98459e-006  8.76132e-007  2.49847e-006  6.27647e-006  5.51973e-006  3.18865e-006  2.11423e-006  1.88474e-006   1.4835e-006  8.21719e-007  2.99706e-007  9.54947e-008  5.32921e-008  5.10546e-008  4.48297e-008  2.27473e-008  3.91613e-009  4.73532e-010  9.15808e-011  4.20839e-011  4.87091e-011  1.05767e-010             0             0  -0.000625057
  -0.00490059   -0.00015237 -1.73242e-005 -3.35237e-005   -0.00126602    -0.0210568    -0.0450308    -0.0264171   -0.00384686  -0.000619557   -0.00127161   -0.00323617   -0.00280645   -0.00145384  -0.000782611  -0.000563367  -0.000414192  -0.000251921 -8.92259e-005 -1.86022e-005 -1.82912e-006  7.99446e-006  1.51251e-005   9.8775e-006  1.70053e-006  1.95603e-007  3.63867e-008  1.64441e-008  1.91328e-008  4.23242e-008             0  1.19324e-006  4.83805e-008   9.4818e-009  4.66148e-008  2.53145e-006  9.84984e-006  1.32363e-005  7.20121e-006  8.76132e-007  7.94142e-007  2.21296e-007  1.33987e-006  1.23167e-006  7.39565e-007  5.07217e-007  4.65345e-007  3.74954e-007  2.11548e-007  7.83137e-008  2.52752e-008   1.4263e-008  1.37962e-008  1.22109e-008  6.23095e-009  1.07626e-009  1.30432e-010  2.52684e-011  1.16275e-011  1.34734e-011  2.92841e-011             0             0 -2.66167e-005
    -0.006341   -0.00011135   1.9435e-005   0.000278676     0.0179632     0.0108686    -0.0580214     -0.047413   -0.00713759  -0.000889934   -0.00127438   -0.00257151    -0.0020565  -0.000832468 -7.77526e-005   0.000380913   0.000491831   0.000267718   0.000119683   7.0362e-005  6.68158e-005  9.56874e-005   0.000110828  6.39573e-005  1.11322e-005  1.32551e-006  2.53377e-007  1.16108e-007  1.35198e-007  2.96883e-007             0  2.03859e-006  8.39489e-008  1.68762e-008  8.58379e-008  4.81134e-006  1.88693e-005  2.59589e-005  1.47225e-005  2.49847e-006  2.21296e-007    1.792e-006  3.11853e-006  3.28381e-006  2.05851e-006  1.46691e-006  1.39141e-006  1.15291e-006  6.65392e-007   2.5089e-007  8.22219e-008  4.69973e-008  4.59492e-008  4.10264e-008    2.107e-008  3.65502e-009  4.44313e-010  8.62791e-011  3.97755e-011   4.6158e-011  1.00442e-010             0             0   0.000196045
   -0.0124319 -2.04371e-005   0.000137151    0.00133691     0.0855325      0.124417     -0.110566      -0.13193    -0.0209993   -0.00203056  -0.000867528    0.00270719    0.00396599    0.00339842    0.00389585    0.00543869    0.00552967    0.00338786    0.00140334   0.000583624   0.000437878   0.000548836   0.000593367   0.000335473  5.89253e-005  7.11031e-006    1.373e-006  6.32964e-007  7.38735e-007  1.62208e-006             0   4.1643e-006  1.73246e-007  3.54343e-008  1.84778e-007  1.06292e-005  4.22439e-005  5.97133e-005  3.52809e-005  6.27647e-006  1.33987e-006  3.11853e-006  1.05828e-005   9.8708e-006  6.67129e-006  4.96088e-006  4.88684e-006  4.18315e-006  2.48095e-006  9.56645e-007   3.1931e-007  1.85255e-007  1.83318e-007  1.65257e-007  8.54982e-008  1.49122e-008  1.82023e-009  3.54575e-010   1.6386e-010  1.90511e-010  4.15162e-010             0             0   0.000310033
   -0.0127603  1.68125e-005   0.000162508    0.00157401      0.102608      0.157735     -0.129701     -0.170071    -0.0290799   -0.00308301   -0.00179072    0.00279291    0.00413183    0.00279579    0.00326867    0.00534866      0.006229    0.00421451    0.00184146   0.000781253   0.000595063   0.000757077   0.000830401    0.00047607  8.46852e-005  1.03216e-005  2.00819e-006  9.30972e-007  1.09097e-006  2.40259e-006             0  3.06114e-006  1.28289e-007  2.65672e-008  1.41125e-007  8.28519e-006  3.33871e-005  4.84659e-005  2.97413e-005  5.51973e-006  1.23167e-006  3.28381e-006   9.8708e-006  1.14083e-005  7.19121e-006  5.82367e-006  5.98416e-006  5.31725e-006  3.25677e-006  1.29036e-006  4.40449e-007  2.60209e-007  2.61235e-007  2.38195e-007  1.24338e-007  2.18378e-008  2.67997e-009  5.24222e-010   2.4303e-010  2.83245e-010  6.18396e-010             0             0    0.00024595
