IGOR
WAVES/D/O/N=(64, 64)	Hess
BEGIN
      41918.8       483.109        22.851       15.7621       183.278       19057.3       66449.5       62784.3       26404.2       477.965       87.0178       207.241       2406.41       6593.69       6831.39       4858.48       2487.61       1002.19       582.812        626.79       775.394       752.283       513.261       170.676       25.1171        5.4142       2.40946       2.28841       3.97861       9.20279       18.4508     0.0221859   0.000222124  7.26735e-006  5.14909e-006  9.37938e-005     0.0159795    -0.0177174    -0.0815256    -0.0317206   -0.00016685  1.87691e-005   0.000121026    0.00199669    0.00673302    0.00791007    0.00589724    0.00302631    0.00120874   0.000699139   0.000750593   0.000929056   0.000903507   0.000618705   0.000206528  3.04823e-005  6.58413e-006  2.93433e-006  2.78982e-006  4.85408e-006  1.12343e-005  2.25642e-005        4.0591             0
      483.109       7.52993      -0.56399      0.396093       2.21043       231.907       814.966       775.172       327.796       5.96005       1.08896       2.60083       30.2673       83.0783        86.189       61.3611       31.4427       12.6751       7.37448       7.93376        9.8174       9.52675       6.50083         2.162      0.318194      0.068594     0.0305277     0.0289952     0.0504122       0.11661      0.233809   0.000294219  3.03164e-006  1.07011e-007  7.38542e-008  1.22808e-006   0.000200047  -0.000180525  -0.000977298  -0.000389329 -2.05719e-006  2.40024e-007  1.54258e-006  2.55455e-005  8.64756e-005   0.000101913  7.61323e-005  3.91128e-005  1.56329e-005  9.04697e-006  9.71714e-006   1.2032e-005  1.17049e-005   8.0175e-006  2.67691e-006  3.95168e-007  8.53668e-008  3.80489e-008  3.61777e-008  6.29501e-008  1.45698e-007  2.92675e-007      -3.78832             0
       22.851      -0.56399       1.26004     -0.822391      0.316048       11.4698        40.697       39.0391       16.6266      0.304086     0.0558279      0.133855       1.56256       4.29934       4.46876       3.18613       1.63448      0.659462      0.383934      0.413261      0.511576      0.496576      0.338928      0.112738     0.0165944    0.00357765    0.00159235     0.0015125     0.0026298    0.00608325     0.0121985  1.67632e-005   1.7714e-007  6.69009e-009  4.50476e-009  6.77109e-008  1.03441e-005 -6.58818e-006 -4.74069e-005  -1.9584e-005 -1.07864e-007  1.15282e-008  7.77567e-008  1.30558e-006  4.46049e-006   5.2898e-006  3.96344e-006  2.03798e-006  8.14683e-007  4.71542e-007   5.0659e-007  6.27445e-007   6.1058e-007  4.18375e-007  1.39734e-007  2.06327e-008  4.45802e-009  1.98724e-009   1.8897e-009  3.28836e-009   7.6113e-009  1.52921e-008     -0.247035             0
      15.7621      0.396093     -0.822391       1.25381     -0.752554       8.68144       30.4139       29.4833       12.6726      0.233583     0.0431649       0.10405       1.21987       3.36798       3.51015       2.50794       1.28867      0.520589      0.303375       0.32679      0.404762      0.393063      0.268366     0.0892887     0.0131453    0.00283447    0.00126171    0.00119854    0.00208405    0.00482104    0.00966895  1.17592e-005  1.27961e-007  5.07386e-009  3.46639e-009  5.08914e-008  7.65287e-006 -3.53255e-006 -3.43595e-005 -1.47166e-005 -8.28646e-008  8.96622e-009  6.14254e-008  1.04301e-006  3.59653e-006  4.29577e-006  3.23387e-006   1.6677e-006  6.67985e-007  3.87224e-007  4.16518e-007  5.16398e-007  5.02929e-007  3.44847e-007   1.1524e-007  1.70231e-008  3.67927e-009  1.64049e-009  1.56024e-009  2.71542e-009  6.28582e-009  1.26331e-008     -0.153817             0
      183.278       2.21043      0.316048     -0.752554       2.20949       103.873        381.09       373.967       162.618       3.02825       0.56456       1.37098       16.1711       44.8664       46.9428       33.6425        17.328       7.01301       4.09269       4.41341       5.47103       5.31631       3.63151        1.2087      0.177999     0.0383894     0.0170911     0.0162374     0.0282368      0.065325      0.131044   0.000108779  1.22291e-006  5.02394e-008  3.59389e-008  5.55999e-007  8.77804e-005 -3.94451e-005  -0.000419364  -0.000184781 -1.02118e-006  1.34715e-007  8.80595e-007  1.50255e-005  5.22215e-005  6.28586e-005  4.76746e-005    2.475e-005   9.9672e-006   5.8018e-006  6.26009e-006  7.77926e-006  7.58936e-006  5.21039e-006   1.7428e-006  2.57628e-007   5.5712e-008  2.48508e-008  2.36427e-008  4.11573e-008  9.52906e-008  1.91623e-007      -1.03122             0
      19057.3       231.907       11.4698       8.68144       103.873       11563.5       42697.9       42559.1       18774.6       354.269        66.828       163.938        1950.2       5448.74       5733.17       4127.24       2133.28       865.755       506.318       546.892       678.804       660.248       451.342       150.308       22.1446       4.77754       2.12751       2.02163        3.5161        8.1353       16.3253    0.00601619  7.06683e-005   2.9374e-006  2.35078e-006  4.39024e-005    0.00804774   -0.00588146     -0.046477    -0.0208119  -0.000108467  1.99037e-005   0.000121172     0.0020759    0.00728155    0.00885191     0.0067885    0.00356278    0.00144798   0.000848747   0.000920535    0.00114829    0.00112335   0.000772725   0.000258828  3.83016e-005  8.28956e-006  3.69997e-006   3.5218e-006  6.13303e-006  1.42037e-005  2.85879e-005       1.59549             0
      66449.5       814.966        40.697       30.4139        381.09       42697.9        160391        162756       73054.1       1400.77       268.195       666.717       8022.86       22632.4       24003.2       17391.1       9035.41       3681.78       2160.04       2338.87       2908.51        2833.1       1938.85       646.232       95.2696       20.5639       9.16085        8.7074       15.1476       35.0531       70.3783     0.0851794   0.000987561  4.45616e-005  3.09752e-005   0.000391957     0.0490476     0.0394701     -0.134627    -0.0763466  -0.000622241  4.51818e-007   0.000211475    0.00434533       0.01663     0.0211327     0.0161287    0.00817739    0.00319543    0.00181617    0.00192733    0.00236899    0.00229714    0.00157347   0.000526094  7.77507e-005  1.68067e-005   7.4934e-006  7.12623e-006  1.24012e-005  2.87048e-005  5.76744e-005     -0.331635             0
      62784.3       775.172       39.0391       29.4833       373.967       42559.1        162756        168484       77165.1       1508.87       294.322       744.454       9097.32         26005       27887.2       20390.5       10672.5       4374.58       2578.42       2801.98       3494.16        3410.9       2338.12       780.296       115.144       24.8721       11.0863        10.542       18.3451        42.463       85.3219      0.137131    0.00161397  7.52308e-005  5.26552e-005   0.000634675     0.0716308      0.119353    -0.0747006    -0.0677272  -0.000793215 -8.68395e-005  -0.000123483  -0.000926368   -0.00111201  -0.000226071   -0.00116207   -0.00173515   -0.00117536  -0.000903683    -0.0011483   -0.00157996    -0.0016401   -0.00116658  -0.000398423 -5.98113e-005 -1.30977e-005 -5.90109e-006 -5.65819e-006 -9.90913e-006 -2.30478e-005 -4.70201e-005     -0.588443             0
      26404.2       327.796       16.6266       12.6726       162.618       18774.6       73054.1       77165.1       36131.4         721.8       144.426       372.772        4646.3       13514.7       14709.7       10889.5       5757.59       2379.28       1411.43       1541.58       1929.98       1889.73       1298.41       434.095       64.1454       13.8705       6.18746       5.88729       10.2497       23.7332       47.7408     0.0555281   0.000663934  3.16606e-005  2.26992e-005   0.000279357     0.0320099     0.0632685    -0.0178135     -0.025381  -0.000321494  -4.1645e-005  -8.2755e-005  -0.000988554   -0.00271528   -0.00304359   -0.00321397    -0.0025299    -0.0013802  -0.000974392   -0.00119058   -0.00160636    -0.0016525   -0.00117201  -0.000400182  -6.0074e-005 -1.31518e-005 -5.92353e-006 -5.67797e-006 -9.94127e-006  -2.3118e-005 -4.71352e-005        1.6198             0
      477.965       5.96005      0.304086      0.233583       3.02825       354.269       1400.77       1508.87         721.8       16.0674       2.20393       8.25638       102.748       305.389       338.708       254.761        136.48        57.003       34.1046        37.501       47.1974       46.4029       31.9842       10.7193       1.58694      0.343642      0.153463      0.146139      0.254589      0.589783        1.1882   0.000651558  7.90224e-006  3.83303e-007  2.82513e-007  3.63658e-006   0.000444987   0.000862996  -0.000416474  -0.000463249 -5.00462e-006 -3.46334e-007  2.32807e-007  1.15924e-005  5.88126e-005  8.31608e-005  5.17458e-005  1.24327e-005  -1.5412e-006 -4.11704e-006 -7.13145e-006 -1.13568e-005 -1.27746e-005 -9.51576e-006 -3.34474e-006 -5.12752e-007 -1.14123e-007 -5.20634e-008 -5.03973e-008 -8.88988e-008 -2.07902e-007 -4.31381e-007      -1.07946             0
      87.0178       1.08896     0.0558279     0.0431649       0.56456        66.828       268.195       294.322       144.426       2.20393        1.8865      0.912125       23.0847       69.7417       79.1219       60.6863       33.0489       13.9912       8.46295       9.38734       11.8962       11.7591       8.13916       2.73662       0.40615      0.088117     0.0394083     0.0375695     0.0655051      0.151848      0.306542   7.5959e-005   9.3217e-007  4.58308e-008  3.46181e-008  4.65152e-007  6.06671e-005   0.000112137  -9.0004e-005 -8.56149e-005 -8.61148e-007 -2.00554e-008  2.67825e-007  6.49182e-006  2.84482e-005  3.96864e-005  2.99418e-005  1.34423e-005  4.28818e-006  1.90989e-006  1.55544e-006  1.45518e-006  1.09488e-006  6.12246e-007   1.7547e-007  2.25907e-008  4.27803e-009  1.68746e-009  1.43862e-009  2.27773e-009  4.86857e-009  7.17825e-009     -0.259768             0
      207.241       2.60083      0.133855       0.10405       1.37098       163.938       666.717       744.454       372.772       8.25638      0.912125       6.14643       65.3805       207.852       241.767       189.745       105.393       45.3636       27.8156       31.1954       39.8812       39.6952       27.6244       9.32718       1.38877      0.302055      0.135345      0.129219      0.225553        0.5233       1.05926   0.000114656  1.42091e-006  7.05878e-008  5.45014e-008  7.63429e-007   0.000105946   0.000179909  -0.000235215  -0.000204283 -2.08989e-006 -1.77809e-008  9.10993e-007  2.21778e-005  9.95496e-005   0.000143727   0.000115335  5.68178e-005   2.0495e-005   1.0571e-005  1.01851e-005  1.14779e-005   1.0405e-005  6.82378e-006  2.22094e-006    3.212e-007  6.80981e-008  2.98629e-008  2.80154e-008  4.82245e-008  1.10672e-007  2.16161e-007     -0.424307             0
      2406.41       30.2673       1.56256       1.21987       16.1711        1950.2       8022.86       9097.32        4646.3       102.748       23.0847       65.3805       923.849       2980.97       3572.48       2877.57       1635.55       718.044       447.657       508.954       657.887       660.611        462.93       157.156       23.4985       5.12755       2.30332       2.20327       3.85149       8.94577       18.1725   0.000818167  1.02253e-005  5.11727e-007  4.03489e-007   5.9071e-006   0.000875088     0.0012743   -0.00284164      -0.00233  -2.5595e-005 -4.92571e-007  1.09523e-005   0.000289733    0.00137582    0.00208542    0.00175621   0.000909043   0.000344685   0.000186585    0.00018811   0.000220877   0.000207323   0.000139699  4.64112e-005  6.82429e-006   1.4668e-006  6.50441e-007  6.15654e-007  1.06721e-006   2.4626e-006  4.89711e-006      0.727539             0
      6593.69       83.0783       4.29934       3.36798       44.8664       5448.74       22632.4         26005       13514.7       305.389       69.7417       207.852       2980.97       9939.23       12270.1         10171       5933.62       2665.88       1695.43       1960.11       2568.84        2608.4       1844.21       630.485       94.7915       20.7726       9.36194       8.97802       15.7248       36.5779       74.6578    0.00114632  1.44632e-005  7.25588e-007  5.89458e-007  9.30179e-006    0.00153069    0.00133698   -0.00819524   -0.00631033 -7.69522e-005 -3.59313e-006   2.4766e-005    0.00077731    0.00402403    0.00651256    0.00580711    0.00317509    0.00127191     0.0007273   0.000773109   0.000953312   0.000933679   0.000651195   0.000222279  3.34031e-005  7.30731e-006  3.28635e-006  3.14535e-006  5.49987e-006  1.27766e-005  2.59694e-005     0.0259706             0
      6831.39        86.189       4.46876       3.51015       46.9428       5733.17       24003.2       27887.2       14709.7       338.708       79.1219       241.767       3572.48       12270.1       15626.7       13348.6       8015.23       3697.16       2406.99       2839.56       3785.26       3897.83       2787.34       961.595       145.611       32.0884       14.5248        13.976       24.5421       57.2012       117.495   0.000376608  4.85723e-006  2.40107e-007  2.12827e-007  4.16539e-006   0.000864617   -0.00045194   -0.00874942   -0.00639976 -8.72254e-005 -6.93822e-006  1.47746e-005   0.000673723    0.00396407    0.00698508    0.00666445    0.00388101    0.00165885    0.00101446    0.00115199    0.00150986    0.00155871    0.00113441   0.000400357  6.17752e-005  1.38009e-005  6.31018e-006  6.11772e-006  1.08044e-005  2.52925e-005  5.26924e-005     -0.114058             0
      4858.48       61.3611       3.18613       2.50794       33.6425       4127.24       17391.1       20390.5       10889.5       254.761       60.6863       189.745       2877.57         10171       13348.6       11765.7        7282.4       3459.35        2313.3       2794.98       3803.46       3985.15       2890.85       1008.92       154.197       34.2292       15.5825       15.0603       26.5367       62.0132       128.464  3.29117e-005   4.9318e-007  2.06704e-008  3.12242e-008  1.18177e-006   0.000350233  -0.000805431   -0.00569643   -0.00412523 -6.09983e-005 -6.34423e-006  2.81779e-006   0.000341695    0.00236294    0.00457682    0.00466762    0.00287698    0.00130349    0.00084947    0.00102937    0.00143408    0.00156202    0.00118854   0.000434625  6.89629e-005   1.5747e-005  7.32328e-006  7.19366e-006  1.28334e-005  3.02753e-005  6.46525e-005    0.00859168             0
      2487.61       31.4427       1.63448       1.28867        17.328       2133.28       9035.41       10672.5       5757.59        136.48       33.0489       105.393       1635.55       5933.62       8015.23        7282.4       4654.74       2279.49       1571.28       1950.88       2720.14       2910.48       2148.82       760.913       117.665       26.3652       12.0914       11.7538       20.8034       48.7834       102.198  1.16001e-005  1.77323e-007  7.31154e-009  1.16828e-008   4.6009e-007   0.000138856  -0.000334894   -0.00236161   -0.00174911 -2.70773e-005  -3.1847e-006 -6.87976e-007   0.000116977   0.000950005    0.00201163     0.0021792    0.00141246   0.000675477   0.000469025   0.000608027    0.00090344    0.00104181    0.00083154   0.000316002  5.16789e-005  1.20814e-005  5.72195e-006  5.70033e-006  1.02799e-005  2.44532e-005  5.36248e-005      0.107668             0
      1002.19       12.6751      0.659462      0.520589       7.01301       865.755       3681.78       4374.58       2379.28        57.003       13.9912       45.3636       718.044       2665.88       3697.16       3459.35       2279.49        1155.2       819.917       1050.68       1505.84       1651.25       1245.13       448.787       70.4157       15.9644       7.39024       7.23701       12.8829       30.3452       64.5074  1.40277e-005  1.86399e-007   9.0782e-009   8.9556e-009  2.13934e-007  5.19711e-005 -7.12428e-005  -0.000717659  -0.000551216 -8.71897e-006 -1.07837e-006 -5.01609e-007   3.2863e-005   0.000300745   0.000685696   0.000785594   0.000536587   0.000272595   0.000203242   0.000283708   0.000451564   0.000552697   0.000463424   0.000183216  3.09169e-005  7.40814e-006  3.57693e-006  3.61721e-006  6.59925e-006  1.58386e-005  3.57492e-005    -0.0746217             0
      582.812       7.37448      0.383934      0.303375       4.09269       506.318       2160.04       2578.42       1411.43       34.1046       8.46295       27.8156       447.657       1695.43       2406.99        2313.3       1571.28       819.917       604.373       796.308       1178.17       1328.01       1026.19       377.711       60.3125       13.8719       6.49643       6.42065       11.5129       27.2722       59.0718  1.15578e-005  1.50101e-007  7.53057e-009  6.73534e-009  1.32298e-007  2.78013e-005 -1.38514e-005  -0.000307202  -0.000244884 -3.90866e-006 -4.91714e-007 -2.64871e-007   1.4288e-005   0.000140296   0.000339281    0.00041032   0.000297142   0.000161807   0.000130357   0.000196356   0.000334644   0.000434183   0.000382033   0.000157098  2.73726e-005   6.7309e-006  3.31784e-006  3.41052e-006  6.30241e-006  1.52778e-005   3.5636e-005     -0.150205             0
       626.79       7.93376      0.413261       0.32679       4.41341       546.892       2338.87       2801.98       1541.58        37.501       9.38734       31.1954       508.954       1960.11       2839.56       2794.98       1950.88       1050.68       796.308       1089.87       1660.21       1930.11       1532.63       577.835       94.1815       22.0357       10.4651         10.46       18.9242       45.1441       100.112  1.36442e-005  1.75829e-007  8.92365e-009  7.69782e-009  1.38019e-007  2.65457e-005  3.28357e-006  -0.000240489  -0.000198623 -3.17327e-006  -3.9757e-007 -1.98853e-007   1.2274e-005    0.00012334    0.00031155   0.000395973   0.000304285   0.000177781   0.000154352   0.000249652   0.000453573   0.000622267   0.000574413   0.000246085  4.44018e-005   1.1244e-005  5.67863e-006  5.95351e-006  1.11769e-005  2.74351e-005   6.6781e-005     0.0190843             0
      775.394        9.8174      0.511576      0.404762       5.47103       678.804       2908.51       3494.16       1929.98       47.1974       11.8962       39.8812       657.887       2568.84       3785.26       3803.46       2720.14       1505.84       1178.17       1660.21       2619.12          3138        2567.3       993.864       165.785       39.5589       19.0959       19.3415       35.3661       85.0782       194.133  1.65111e-005  2.11998e-007  1.08264e-008  9.17138e-009  1.56167e-007  2.83316e-005   1.6403e-005  -0.000214954  -0.000183677 -2.91921e-006  -3.5811e-007 -1.31099e-007  1.27318e-005   0.000126242   0.000328269   0.000435386   0.000353349   0.000220156   0.000204297   0.000352079   0.000678545   0.000983019    0.00095397   0.000427825  8.04575e-005  2.11339e-005  1.10144e-005  1.18558e-005  2.27435e-005  5.68071e-005   0.000146998     0.0569555             0
      752.283       9.52675      0.496576      0.393063       5.31631       660.248        2833.1        3410.9       1889.73       46.4029       11.7591       39.6952       660.611        2608.4       3897.83       3985.15       2910.48       1651.25       1328.01       1930.11          3138       3885.29       3273.59       1303.97       222.983       54.3673       26.7241       27.4739       50.8441        123.49       291.215  1.42054e-005  1.82099e-007  9.33132e-009  7.83602e-009  1.29865e-007  2.27811e-005  1.96569e-005   -0.00015199  -0.000133523 -2.11013e-006 -2.53111e-007 -5.55882e-008  1.02897e-005   0.000100581   0.000267646   0.000368301   0.000313672   0.000206728   0.000203225   0.000370477   0.000754397    0.00115421    0.00118256   0.000559361   0.000110682  3.04597e-005  1.65387e-005  1.84324e-005  3.63911e-005  9.30332e-005    0.00026129    -0.0535386             0
      513.261       6.50083      0.338928      0.268366       3.63151       451.342       1938.85       2338.12       1298.41       31.9842       8.13916       27.6244        462.93       1844.21       2787.34       2890.85       2148.82       1245.13       1026.19       1532.63        2567.3       3273.59       2845.64        1164.2       204.642       50.9777       25.5416       26.6786       50.0151       122.743       300.152  7.74193e-006  9.92251e-008  5.09185e-009  4.26736e-009  7.01998e-008  1.21969e-005  1.16706e-005   -7.798e-005 -6.94076e-005 -1.09933e-006 -1.32155e-007 -2.87599e-008  5.46329e-006  5.45881e-005   0.000149473   0.000212897    0.00018922    0.00013094   0.000135339   0.000259429   0.000556413   0.000899715   0.000977826   0.000491492     0.0001032  2.99979e-005  1.70875e-005  1.98288e-005  4.04643e-005   0.000106229   0.000327097     0.0561476             0
      170.676         2.162      0.112738     0.0892887        1.2087       150.308       646.232       780.296       434.095       10.7193       2.73662       9.32718       157.156       630.485       961.595       1008.92       760.913       448.787       377.711       577.835       993.864       1303.97        1164.2       491.596       87.3988       22.7054       11.4913       12.1992       23.1786       57.5054       146.238  1.89494e-006  2.43051e-008  1.24732e-009  1.04801e-009    1.735e-008  3.03964e-006  2.74007e-006 -2.01291e-005 -1.78916e-005 -2.86568e-007 -3.55129e-008 -1.36602e-008  1.30352e-006  1.39171e-005   3.9539e-005  5.82004e-005  5.36923e-005  3.87399e-005  4.18094e-005  8.37948e-005    0.00018865   0.000322307   0.000372511   0.000199707  4.46441e-005  1.37362e-005  8.21736e-006  9.93206e-006  2.09494e-005  5.64682e-005   0.000190465       0.26887             0
      25.1171      0.318194     0.0165944     0.0131453      0.177999       22.1446       95.2696       115.144       64.1454       1.58694       0.40615       1.38877       23.4985       94.7915       145.611       154.197       117.665       70.4157       60.3125       94.1815       165.785       222.983       204.642       87.3988       17.5007       3.40213       2.41128       2.37721       4.57865       11.4883       30.4893  2.01807e-007  2.59081e-009  1.32914e-010  1.12061e-010  1.87239e-009   3.3195e-007  2.70285e-007 -2.30846e-006 -2.04261e-006 -3.30949e-008 -4.23147e-009 -2.35267e-009  1.34428e-007  1.54948e-006   4.5582e-006  6.89979e-006  6.56244e-006  4.89838e-006  5.47816e-006  1.14051e-005   2.6825e-005  4.82961e-005  5.92777e-005   3.3839e-005  8.03201e-006  2.60704e-006  1.63234e-006  2.04901e-006  4.45714e-006  1.23152e-005   4.5353e-005     -0.177461             0
       5.4142      0.068594    0.00357765    0.00283447     0.0383894       4.77754       20.5639       24.8721       13.8705      0.343642      0.088117      0.302055       5.12755       20.7726       32.0884       34.2292       26.3652       15.9644       13.8719       22.0357       39.5589       54.3673       50.9777       22.7054       3.40213       2.37199     -0.235573       0.86107       1.27554       3.23827       9.01742  3.19438e-008  4.10372e-010  2.10483e-011  1.77904e-011  2.99221e-010  5.34939e-008  4.03062e-008 -3.84528e-007 -3.39366e-007 -5.54319e-009 -7.23995e-010 -4.85232e-010   2.0621e-008  2.53047e-007  7.64777e-007  1.18306e-006  1.15228e-006  8.83257e-007  1.01626e-006   2.1835e-006  5.33551e-006  1.00751e-005  1.30679e-005   7.8968e-006  1.97725e-006  6.72848e-007  4.38697e-007  5.69746e-007  1.27485e-006  3.60493e-006  1.44748e-005    -0.0644458             0
      2.40946     0.0305277    0.00159235    0.00126171     0.0170911       2.12751       9.16085       11.0863       6.18746      0.153463     0.0394083      0.135345       2.30332       9.36194       14.5248       15.5825       12.0914       7.39024       6.49643       10.4651       19.0959       26.7241       25.5416       11.4913       2.41128     -0.235573       1.56831     -0.474117       0.91554        1.8189       5.35842  1.05792e-008  1.35967e-010   6.9732e-012  5.90322e-012  9.96943e-011  1.79148e-008  1.28495e-008 -1.31347e-007 -1.15799e-007 -1.90171e-009 -2.51841e-010 -1.87132e-010  6.65011e-009  8.55223e-008  2.63694e-007  4.14701e-007  4.11369e-007  3.21889e-007  3.78742e-007  8.34931e-007   2.1076e-006  4.14918e-006   5.6476e-006  3.58413e-006  9.39221e-007   3.3281e-007  2.24782e-007  3.00941e-007  6.91057e-007  1.99718e-006     8.75e-006    -0.0387966             0
      2.28841     0.0289952     0.0015125    0.00119854     0.0162374       2.02163        8.7074        10.542       5.88729      0.146139     0.0375695      0.129219       2.20327       8.97802        13.976       15.0603       11.7538       7.23701       6.42065         10.46       19.3415       27.4739       26.6786       12.1992       2.37721       0.86107     -0.474117       1.65099    -0.0207355       2.31909       6.65623  7.54475e-009  9.69944e-011  4.97444e-012   4.2151e-012  7.13507e-011  1.28589e-008  8.97163e-009 -9.53257e-008 -8.40279e-008  -1.3849e-009 -1.85049e-010 -1.46092e-010  4.64507e-009  6.17822e-008  1.93296e-007  3.07796e-007  3.09626e-007  2.46152e-007  2.94742e-007  6.63327e-007  1.72033e-006  3.50835e-006  4.97301e-006  3.28709e-006  8.94524e-007  3.27938e-007  2.28326e-007  3.14051e-007  7.38476e-007  2.17854e-006  1.04435e-005     -0.034436             0
      3.97861     0.0504122     0.0026298    0.00208405     0.0282368        3.5161       15.1476       18.3451       10.2497      0.254589     0.0655051      0.225553       3.85149       15.7248       24.5421       26.5367       20.8034       12.8829       11.5129       18.9242       35.3661       50.8441       50.0151       23.1786       4.57865       1.27554       0.91554    -0.0207355       2.89828       3.52679       15.1238  9.90472e-009  1.27355e-010   6.5318e-012  5.53758e-012   9.3849e-011   1.6939e-008  1.16629e-008 -1.26284e-007 -1.11351e-007 -1.83957e-009 -2.47227e-010 -2.02497e-010  6.00441e-009   8.1763e-008  2.58528e-007  4.15536e-007  4.22491e-007  3.39996e-007  4.12685e-007  9.44155e-007  2.50332e-006  5.25569e-006  7.70113e-006  5.26116e-006  1.47644e-006   5.5676e-007  3.97816e-007   5.6031e-007   1.3462e-006  4.04862e-006  2.13601e-005    -0.0227613             0
      9.20279       0.11661    0.00608325    0.00482104      0.065325        8.1353       35.0531        42.463       23.7332      0.589783      0.151848        0.5233       8.94577       36.5779       57.2012       62.0132       48.7834       30.3452       27.2722       45.1441       85.0782        123.49       122.743       57.5054       11.4883       3.23827        1.8189       2.31909       3.52679       12.7058       43.5882  1.73523e-008  2.23138e-010  1.14451e-011  9.70561e-012  1.64578e-010  2.97258e-008  2.03646e-008 -2.22198e-007 -1.96016e-007 -3.24342e-009 -4.37552e-010 -3.66769e-010  1.04015e-008  1.43973e-007  4.58742e-007  7.42549e-007  7.61134e-007  6.18251e-007  7.58362e-007  1.75762e-006  4.74352e-006  1.01954e-005  1.53421e-005   1.0761e-005  3.09541e-006  1.19457e-006  8.72339e-007  1.25416e-006  3.07188e-006   9.4054e-006  5.51617e-005      0.118847             0
      18.4508      0.233809     0.0121985    0.00966895      0.131044       16.3253       70.3783       85.3219       47.7408        1.1882      0.306542       1.05926       18.1725       74.6578       117.495       128.464       102.198       64.5074       59.0718       100.112       194.133       291.215       300.152       146.238       30.4893       9.01742       5.35842       6.65623       15.1238       43.5882       521.592             0             0             0             0             0             0             0             0             0             0             0             0             0             0             0             0             0             0             0             0             0             0             0             0             0             0             0             0             0             0             0    -0.0297472             0
    0.0221859   0.000294219  1.67632e-005  1.17592e-005   0.000108779    0.00601619     0.0851794      0.137131     0.0555281   0.000651558   7.5959e-005   0.000114656   0.000818167    0.00114632   0.000376608  3.29117e-005  1.16001e-005  1.40277e-005  1.15578e-005  1.36442e-005  1.65111e-005  1.42054e-005  7.74193e-006  1.89494e-006  2.01807e-007  3.19438e-008  1.05792e-008  7.54475e-009  9.90472e-009  1.73523e-008             0   0.000290859 -8.88488e-006  9.43051e-008  5.50759e-008  5.28273e-007  4.46273e-005    0.00012472  9.32651e-005  3.08022e-005  4.35407e-007  6.14754e-008  1.12949e-007  1.00775e-006  2.11512e-006  1.67448e-006  9.08482e-007   3.5445e-007  1.08715e-007   4.8095e-008  3.93249e-008  3.69693e-008  2.72466e-008   1.4117e-008  3.56404e-009  3.98137e-010  6.51398e-011  2.20011e-011   1.5858e-011  2.09224e-011   3.6724e-011             0             0    -0.0210485
  0.000222124  3.03164e-006   1.7714e-007  1.27961e-007  1.22291e-006  7.06683e-005   0.000987561    0.00161397   0.000663934  7.90224e-006   9.3217e-007  1.42091e-006  1.02253e-005  1.44632e-005  4.85723e-006   4.9318e-007  1.77323e-007  1.86399e-007  1.50101e-007  1.75829e-007  2.11998e-007  1.82099e-007  9.92251e-008  2.43051e-008  2.59081e-009  4.10372e-010  1.35967e-010  9.69944e-011  1.27355e-010  2.23138e-010             0 -8.88488e-006  2.25162e-005 -1.12448e-005  6.11084e-010  6.03661e-009  5.23622e-007  1.49753e-006  1.14207e-006  3.83324e-007  5.48959e-009  7.83257e-010  1.45112e-009  1.30321e-008  2.74922e-008  2.18509e-008  1.18912e-008  4.65023e-009  1.42883e-009  6.32968e-010  5.18083e-010  4.87433e-010  3.59456e-010  1.86327e-010  4.70572e-011  5.25813e-012  8.60462e-013  2.90668e-013  2.09531e-013  2.76472e-013   4.8531e-013             0             0   0.000302777
 7.26735e-006  1.07011e-007  6.69009e-009  5.07386e-009  5.02394e-008   2.9374e-006  4.45616e-005  7.52308e-005  3.16606e-005  3.83303e-007  4.58308e-008  7.05878e-008  5.11727e-007  7.25588e-007  2.40107e-007  2.06704e-008  7.31154e-009   9.0782e-009  7.53057e-009  8.92365e-009  1.08264e-008  9.33132e-009  5.09185e-009  1.24732e-009  1.32914e-010  2.10483e-011   6.9732e-012  4.97444e-012   6.5318e-012  1.14451e-011             0  9.43051e-008 -1.12448e-005  2.24917e-005 -1.12458e-005    2.761e-010  2.47068e-008  7.26772e-008  5.68115e-008  1.94681e-008  2.83603e-010  4.10342e-011  7.68828e-011  6.96655e-010  1.47999e-009  1.18275e-009  6.46379e-010    2.536e-010  7.81155e-011  3.46709e-011  2.84193e-011  2.67676e-011  1.97564e-011  1.02474e-011  2.58928e-012  2.89432e-013  4.73774e-014  1.60077e-014  1.15413e-014  1.52303e-014  2.67374e-014             0             0  -0.000222767
 5.14909e-006  7.38542e-008  4.50476e-009  3.46639e-009  3.59389e-008  2.35078e-006  3.09752e-005  5.26552e-005  2.26992e-005  2.82513e-007  3.46181e-008  5.45014e-008  4.03489e-007  5.89458e-007  2.12827e-007  3.12242e-008  1.16828e-008   8.9556e-009  6.73534e-009  7.69782e-009  9.17138e-009  7.83602e-009  4.26736e-009  1.04801e-009  1.12061e-010  1.77904e-011  5.90322e-012   4.2151e-012  5.53758e-012  9.70561e-012             0  5.50759e-008  6.11084e-010 -1.12458e-005  2.24916e-005 -1.12456e-005  1.71883e-008  5.22753e-008  4.21191e-008  1.48179e-008  2.20712e-010  3.25328e-011  6.18857e-011  5.67638e-010  1.21762e-009  9.80498e-010  5.39022e-010  2.12447e-010  6.56697e-011  2.92256e-011  2.40054e-011  2.26459e-011  1.67343e-011   8.6879e-012  2.19676e-012  2.45687e-013  4.02329e-014  1.35979e-014  9.80613e-015  1.29429e-014  2.27247e-014             0             0  -0.000558634
 9.37938e-005  1.22808e-006  6.77109e-008  5.08914e-008  5.55999e-007  4.39024e-005   0.000391957   0.000634675   0.000279357  3.63658e-006  4.65152e-007  7.63429e-007   5.9071e-006  9.30179e-006  4.16539e-006  1.18177e-006   4.6009e-007  2.13934e-007  1.32298e-007  1.38019e-007  1.56167e-007  1.29865e-007  7.01998e-008    1.735e-008  1.87239e-009  2.99221e-010  9.96943e-011  7.13507e-011   9.3849e-011  1.64578e-010             0  5.28273e-007  6.03661e-009    2.761e-010 -1.12456e-005  2.24937e-005 -1.10489e-005  6.22289e-007  5.19811e-007  1.88927e-007  2.89517e-009  4.37231e-010  8.48711e-010  7.91411e-009  1.72025e-008  1.39986e-008  7.75914e-009  3.07776e-009  9.56085e-010   4.2712e-010  3.51856e-010  3.32675e-010  2.46254e-010  1.28014e-010  3.24008e-011  3.62646e-012    5.942e-013  2.00916e-013  1.44938e-013  1.91349e-013  3.36029e-013             0             0  -0.000818765
    0.0159795   0.000200047  1.03441e-005  7.65287e-006  8.77804e-005    0.00804774     0.0490476     0.0716308     0.0320099   0.000444987  6.06671e-005   0.000105946   0.000875088    0.00153069   0.000864617   0.000350233   0.000138856  5.19711e-005  2.78013e-005  2.65457e-005  2.83316e-005  2.27811e-005  1.21969e-005  3.03964e-006   3.3195e-007  5.34939e-008  1.79148e-008  1.28589e-008   1.6939e-008  2.97258e-008             0  4.46273e-005  5.23622e-007  2.47068e-008  1.71883e-008 -1.10489e-005  4.22988e-005  5.40501e-005  5.68587e-005  2.14884e-005  3.41116e-007  5.31333e-008  1.05885e-007  1.00915e-006  2.23285e-006  1.84301e-006  1.03309e-006  4.13407e-007  1.29304e-007  5.80718e-008  4.80345e-008  4.55584e-008  3.38044e-008  1.76053e-008  4.46218e-009   4.9996e-010   8.1985e-011  2.77385e-011  2.00196e-011  2.64394e-011  4.64428e-011             0             0    0.00800545
   -0.0177174  -0.000180525 -6.58818e-006 -3.53255e-006 -3.94451e-005   -0.00588146     0.0394701      0.119353     0.0632685   0.000862996   0.000112137   0.000179909     0.0012743    0.00133698   -0.00045194  -0.000805431  -0.000334894 -7.12428e-005 -1.38514e-005  3.28357e-006   1.6403e-005  1.96569e-005  1.16706e-005  2.74007e-006  2.70285e-007  4.03062e-008  1.28495e-008  8.97163e-009  1.16629e-008  2.03646e-008             0    0.00012472  1.49753e-006  7.26772e-008  5.22753e-008  6.22289e-007  5.40501e-005   0.000247938   0.000194606    8.137e-005  1.34551e-006  2.17474e-007  4.47627e-007  4.38485e-006  9.92524e-006  8.34576e-006  4.74826e-006  1.92249e-006  6.06823e-007  2.74462e-007   2.2826e-007  2.17397e-007  1.61824e-007  8.44845e-008  2.14539e-008  2.40728e-009  3.95191e-010   1.3382e-010  9.66425e-011  1.27695e-010  2.24389e-010             0             0    0.00305176
   -0.0815256  -0.000977298 -4.74069e-005 -3.43595e-005  -0.000419364     -0.046477     -0.134627    -0.0747006    -0.0178135  -0.000416474  -9.0004e-005  -0.000235215   -0.00284164   -0.00819524   -0.00874942   -0.00569643   -0.00236161  -0.000717659  -0.000307202  -0.000240489  -0.000214954   -0.00015199   -7.798e-005 -2.01291e-005 -2.30846e-006 -3.84528e-007 -1.31347e-007 -9.53257e-008 -1.26284e-007 -2.22198e-007             0  9.32651e-005  1.14207e-006  5.68115e-008  4.21191e-008  5.19811e-007  5.68587e-005   0.000194606   0.000220237   7.0914e-005  1.42341e-006  2.40269e-007  5.14133e-007  5.20862e-006  1.21288e-005  1.04401e-005  6.05378e-006  2.48847e-006  7.94862e-007  3.62853e-007  3.03938e-007  2.91069e-007   2.1758e-007  1.13964e-007  2.90126e-008  3.26169e-009  5.36242e-010  1.81785e-010  1.31394e-010  1.73724e-010   3.0542e-010             0             0   -0.00586068
   -0.0317206  -0.000389329  -1.9584e-005 -1.47166e-005  -0.000184781    -0.0208119    -0.0763466    -0.0677272     -0.025381  -0.000463249 -8.56149e-005  -0.000204283      -0.00233   -0.00631033   -0.00639976   -0.00412523   -0.00174911  -0.000551216  -0.000244884  -0.000198623  -0.000183677  -0.000133523 -6.94076e-005 -1.78916e-005 -2.04261e-006 -3.39366e-007 -1.15799e-007 -8.40279e-008 -1.11351e-007 -1.96016e-007             0  3.08022e-005  3.83324e-007  1.94681e-008  1.48179e-008  1.88927e-007  2.14884e-005    8.137e-005   7.0914e-005  5.84442e-005 -1.05903e-005  1.16154e-007  2.59851e-007  2.73797e-006  6.59391e-006  5.83802e-006  3.46436e-006  1.45085e-006  4.70349e-007   2.1723e-007  1.83621e-007  1.77089e-007  1.33098e-007  7.00053e-008   1.7879e-008  2.01494e-009  3.31888e-010   1.1267e-010  8.15257e-011  1.07879e-010  1.89779e-010             0             0   -0.00819092
  -0.00016685 -2.05719e-006 -1.07864e-007 -8.28646e-008 -1.02118e-006  -0.000108467  -0.000622241  -0.000793215  -0.000321494 -5.00462e-006 -8.61148e-007 -2.08989e-006  -2.5595e-005 -7.69522e-005 -8.72254e-005 -6.09983e-005 -2.70773e-005 -8.71897e-006 -3.90866e-006 -3.17327e-006 -2.91921e-006 -2.11013e-006 -1.09933e-006 -2.86568e-007 -3.30949e-008 -5.54319e-009 -1.90171e-009  -1.3849e-009 -1.83957e-009 -3.24342e-009             0  4.35407e-007  5.48959e-009  2.83603e-010  2.20712e-010  2.89517e-009  3.41116e-007  1.34551e-006  1.42341e-006 -1.05903e-005  2.25042e-005 -1.12435e-005  5.51773e-009  6.07378e-008  1.51997e-007  1.39049e-007   8.4794e-008  3.63121e-008  1.19855e-008  5.61531e-009  4.80032e-009  4.67051e-009  3.53436e-009  1.86877e-009  4.79201e-010  5.41724e-011    8.944e-012   3.0418e-012  2.20401e-012  2.91951e-012  5.14004e-012             0             0   0.000564774
 1.87691e-005  2.40024e-007  1.15282e-008  8.96622e-009  1.34715e-007  1.99037e-005  4.51818e-007 -8.68395e-005  -4.1645e-005 -3.46334e-007 -2.00554e-008 -1.77809e-008 -4.92571e-007 -3.59313e-006 -6.93822e-006 -6.34423e-006  -3.1847e-006 -1.07837e-006 -4.91714e-007  -3.9757e-007  -3.5811e-007 -2.53111e-007 -1.32155e-007 -3.55129e-008 -4.23147e-009 -7.23995e-010 -2.51841e-010 -1.85049e-010 -2.47227e-010 -4.37552e-010             0  6.14754e-008  7.83257e-010  4.10342e-011  3.25328e-011  4.37231e-010  5.31333e-008  2.17474e-007  2.40269e-007  1.16154e-007 -1.12435e-005  2.24921e-005 -1.12447e-005   1.3158e-008  3.43598e-008  3.26295e-008  2.05431e-008   9.0351e-009  3.04814e-009   1.4535e-009  1.26014e-009  1.23972e-009  9.46295e-010  5.03716e-010  1.29836e-010  1.47361e-011  2.44039e-012  8.31898e-013  6.03844e-013  8.00961e-013  1.41161e-012             0             0   0.000512565
  0.000121026  1.54258e-006  7.77567e-008  6.14254e-008  8.80595e-007   0.000121172   0.000211475  -0.000123483  -8.2755e-005  2.32807e-007  2.67825e-007  9.10993e-007  1.09523e-005   2.4766e-005  1.47746e-005  2.81779e-006 -6.87976e-007 -5.01609e-007 -2.64871e-007 -1.98853e-007 -1.31099e-007 -5.55882e-008 -2.87599e-008 -1.36602e-008 -2.35267e-009 -4.85232e-010 -1.87132e-010 -1.46092e-010 -2.02497e-010 -3.66769e-010             0  1.12949e-007  1.45112e-009  7.68828e-011  6.18857e-011  8.48711e-010  1.05885e-007  4.47627e-007  5.14133e-007  2.59851e-007  5.51773e-009 -1.12447e-005  2.24946e-005 -1.12099e-005  9.81238e-008  9.71526e-008  6.34573e-008  2.88042e-008  9.97829e-009  4.86287e-009  4.29083e-009    4.281e-009  3.30415e-009  1.77411e-009  4.60371e-010   5.2523e-011  8.73294e-012  2.98607e-012  2.17256e-012  2.88691e-012  5.09482e-012             0             0   0.000220011
   0.00199669  2.55455e-005  1.30558e-006  1.04301e-006  1.50255e-005     0.0020759    0.00434533  -0.000926368  -0.000988554  1.15924e-005  6.49182e-006  2.21778e-005   0.000289733    0.00077731   0.000673723   0.000341695   0.000116977   3.2863e-005   1.4288e-005   1.2274e-005  1.27318e-005  1.02897e-005  5.46329e-006  1.30352e-006  1.34428e-007   2.0621e-008  6.65011e-009  4.64507e-009  6.00441e-009  1.04015e-008             0  1.00775e-006  1.30321e-008  6.96655e-010  5.67638e-010  7.91411e-009  1.00915e-006  4.38485e-006  5.20862e-006  2.73797e-006  6.07378e-008   1.3158e-008 -1.12099e-005  2.29485e-005 -9.93493e-006  1.35837e-006  9.24955e-007  4.35625e-007  1.55785e-007  7.79805e-008  7.03416e-008  7.14451e-008  5.59346e-008  3.03731e-008  7.95136e-009  9.13384e-010  1.52672e-010  5.24159e-011   3.8255e-011  5.09548e-011  9.00889e-011             0             0  -0.000861285
