IGOR
WAVES/D/O/N=(64, 64)	Hess
BEGIN
        553.1       920.021       3332.98       8467.09       14860.8       11731.1       4324.22       2074.76        1997.2       2446.88       2118.72        1275.8       856.849       768.349         708.5       489.069       250.367       113.608       49.6709       22.5326       12.4879        10.105       12.7796        21.292       27.3769       14.2566       3.98682       1.29423      0.844495       1.38434       4.93097  -0.000988284   -0.00925571    -0.0188431    0.00948788     0.0728906     0.0709528     0.0197926    0.00361113   -0.00113765   -0.00525964   -0.00658629   -0.00451572   -0.00313322    -0.0027932   -0.00253002   -0.00172149  -0.000876573  -0.000400207  -0.000177787 -8.21938e-005 -4.63083e-005  -3.7936e-005 -4.84205e-005 -8.13573e-005  -0.000105722 -5.57493e-005 -1.57387e-005  -5.1382e-006 -3.36351e-006 -5.52373e-006 -1.97519e-005      -5.26802             0
      920.021       1748.72       6060.35         15488       27337.1         21763       8108.73       3935.92       3826.24       4724.03       4114.09       2487.36       1675.24       1505.21       1389.99       960.568        492.18       223.502       97.7809       44.3807       24.6069       19.9179       25.1959       41.9869       53.9955       28.1231       7.86551       2.55357       1.66633       2.73164       9.73108    0.00458331   -0.00566291   -0.00473033     0.0679829      0.191932      0.158891     0.0416013     0.0065092   -0.00479397    -0.0158573    -0.0195519    -0.0137572   -0.00991297   -0.00918579   -0.00861313   -0.00602029   -0.00312202   -0.00143914  -0.000640903  -0.000295987  -0.000166478  -0.000136213  -0.000173706  -0.000291492  -0.000377767  -0.000198433 -5.58567e-005 -1.82067e-005 -1.19092e-005 -1.95516e-005 -6.98939e-005       1.25683             0
      3332.98       6060.35       21880.1       56608.3        101464       81738.4       30709.8       14996.2       14658.4       18188.5       15909.9        9655.6       6523.63       5876.51       5437.69       3763.69       1930.77       877.563       384.183       174.459       96.7644       78.3476         99.13       165.219       212.496       110.685       30.9583       10.0512       6.55914       10.7528       38.3093    0.00453125    -0.0322038    -0.0585003       0.14165      0.559939      0.520398       0.14682     0.0264298    -0.0123002    -0.0498563    -0.0635738    -0.0450387    -0.0323581    -0.0297953      -0.02775    -0.0192969   -0.00997854   -0.00459835   -0.00205153   -0.00094993  -0.000535552  -0.000438967  -0.000560534  -0.000941809   -0.00122262  -0.000643542  -0.000181431 -5.91922e-005 -3.87379e-005 -6.36143e-005  -0.000227538       3.83248             0
      8467.09         15488       56608.3        150032        274213        224495       85217.3       41877.5         41177       51390.5       45200.7       27573.7       18715.1       16923.8       15709.1       10899.6        5601.9       2549.62       1117.27       507.707       281.747       228.213       288.835       481.502       619.367       322.637       90.2455       29.3014       19.1221       31.3494       111.705    -0.0369369      -0.14559      -0.36574     -0.154283      0.736335        1.0082      0.335807     0.0768899   -0.00189029    -0.0712228    -0.0991804    -0.0688428    -0.0465721    -0.0397587    -0.0342695    -0.0223195    -0.0110245   -0.00497138   -0.00221764   -0.00103716  -0.000590942  -0.000488153  -0.000626917   -0.00106007    -0.0013907  -0.000742267  -0.000211444 -6.93835e-005 -4.55414e-005 -7.48945e-005  -0.000268449      -1.56096             0
      14860.8       27337.1        101464        274213        511694        426751        164390       81692.3       81173.7        102320         90822       55863.3       38189.7         34743       32407.6         22573       11636.2       5307.94       2329.84       1060.01       588.784       477.245       604.344       1007.87        1296.8       675.633       189.007       61.3745       40.0567       65.6751       234.073     -0.112329     -0.314057     -0.879333     -0.950391      0.246786       1.22581      0.510357      0.143948     0.0410211    -0.0336364    -0.0652781    -0.0369619    -0.0130186     0.0022608     0.0147272     0.0172916     0.0114502     0.0058695    0.00266959    0.00121072   0.000664145   0.000533189   0.000670379    0.00110389    0.00137742   0.000684039   0.000184134   5.8506e-005  3.77819e-005   6.1662e-005   0.000218983       1.86041             0
      11731.1         21763       81738.4        224495        426751        362956        142282       71840.4         72477       92695.7       83388.2       51911.6       35861.2       32913.2       30923.3       21663.9       11218.1       5135.07       2259.87       1030.21       573.094       465.063       589.437       983.659       1266.24        659.93        184.66       59.9748       39.1495       64.1957       228.894     -0.100005      -0.25465     -0.758754       -1.0477     -0.383118      0.609168      0.337344       0.11152     0.0535814     0.0252809     0.0166364     0.0284058     0.0408453     0.0589272     0.0739994     0.0624142     0.0363341     0.0177998    0.00809638    0.00374372    0.00209784    0.00171193     0.0021792    0.00363987    0.00465649    0.00239696   0.000664261     0.0002147   0.000139892    0.00022931   0.000819397       3.97466             0
      4324.22       8108.73       30709.8       85217.3        164390        142282       56896.1       29263.9       30138.9       39294.8         35992       22771.3       15953.5       14817.3       14059.3       9928.46       5174.04       2380.24       1051.57        480.81       268.081        217.93       276.584       462.041       595.232       310.395       86.8914       28.2305       18.4327       30.2312       107.859    -0.0314794    -0.0807216     -0.248742     -0.367494      -0.17726      0.180414      0.114209     0.0392676     0.0189233    0.00847742    0.00657437      0.013357     0.0201023      0.029775     0.0381432     0.0326895     0.0192765    0.00954238    0.00437739    0.00203786      0.001148   0.000940617    0.00120106    0.00201096    0.00257786    0.00132932   0.000368893   0.000119347  7.78158e-005   0.000127617    0.00045667      -2.34377             0
      2074.76       3935.92       14996.2       41877.5       81692.3       71840.4       29263.9       15442.3       16239.1       21718.2       20351.8       13147.3       9380.82       8849.86       8507.51       6072.67       3192.24       1478.76       656.899       301.649        168.75       137.535       174.896       292.613       377.406       196.985       55.1818       17.9377       11.7167       19.2222       68.6452    -0.0101212    -0.0281839    -0.0877094     -0.122015    -0.0284808      0.111123     0.0607132     0.0199013    0.00650112   -0.00531004    -0.0106306    -0.0043617    0.00171987    0.00732393     0.0124737     0.0121739    0.00768889    0.00394198    0.00183413   0.000857107   0.000483152   0.000396093   0.000506023   0.000846172    0.00107843   0.000550568   0.000151567   4.8824e-005  3.17722e-005  5.20706e-005   0.000186387        -3.569             0
       1997.2       3826.24       14658.4         41177       81173.7         72477       30138.9       16239.1       17628.6       24175.5       23320.6       15462.2       11295.5       10877.6       10641.6       7707.68       4100.45       1917.91       858.569       396.663        222.96       182.385       232.588       389.984       503.847       263.328       73.8411       24.0214       15.6995       25.7673       92.1429   -0.00583383     -0.018442    -0.0571684    -0.0679355     0.0286607      0.134274     0.0662023     0.0217425    0.00535453    -0.0134895    -0.0254595     -0.017818   -0.00957989   -0.00396403    0.00168509     0.0047233    0.00390617    0.00221694    0.00105896   0.000491621   0.000273248   0.000221571   0.000280731   0.000463223   0.000572293   0.000277879  7.33253e-005  2.30375e-005   1.4804e-005  2.41253e-005  8.59048e-005     -0.535246             0
      2446.88       4724.03       18188.5       51390.5        102320       92695.7       39294.8       21718.2       24175.5       34313.1       34105.9       23344.5       17548.9       17341.7       17350.8         12809       6923.02       3280.22       1483.78       691.202       391.045         321.5       411.597       692.211       896.406       469.346       131.795       42.9195       28.0729        46.103       165.173   -0.00386937    -0.0147462    -0.0448867    -0.0380728     0.0843931      0.187033     0.0885495     0.0306282    0.00831116    -0.0215705    -0.0454866    -0.0370837    -0.0257547      -0.01968    -0.0126289   -0.00462046  -0.000613105   0.000191733   0.000127295  3.29915e-005   -9.682e-007 -1.33981e-005 -2.95003e-005 -7.56126e-005  -0.000160436  -0.000130148 -4.65596e-005 -1.70153e-005  -1.1751e-005 -1.97938e-005 -7.34152e-005       2.28265             0
      2118.72       4114.09       15909.9       45200.7         90822       83388.2         35992       20351.8       23320.6       34105.9       35161.4       24863.2       19340.6         19703       20260.2       15316.1       8445.83       4068.76        1865.5       878.484       501.272       414.893       533.933       901.577       1171.19       614.708       172.934        56.396        36.927       60.6929       217.997   -0.00162563   -0.00819346    -0.0241368   -0.00840343     0.0948755      0.167257     0.0788977     0.0293495     0.0104066    -0.0176829    -0.0448888     -0.040721    -0.0315926    -0.0277692    -0.0220973    -0.0121278   -0.00483908   -0.00191307  -0.000899991  -0.000488363  -0.000318839  -0.000290115  -0.000399495  -0.000722748   -0.00103853  -0.000614897  -0.000188187 -6.42609e-005 -4.30937e-005 -7.17033e-005  -0.000263072       1.94985             0
       1275.8       2487.36        9655.6       27573.7       55863.3       51911.6       22771.3       13147.3       15462.2       23344.5       24863.2       18289.1       14702.5       15528.9       16480.6       12817.4       7243.49       3562.42       1661.44       793.274       457.672       382.119       495.116        840.47       1096.29       577.225       162.785       53.1848       34.8736       57.3796       206.799  -0.000511229   -0.00337833   -0.00970097   0.000767695     0.0560315     0.0929395       0.04479     0.0178738    0.00795325   -0.00789641    -0.0258683    -0.0255395    -0.0210136    -0.0193172    -0.0158465   -0.00883156   -0.00353956   -0.00142674  -0.000709525  -0.000408769  -0.000278892  -0.000261571   -0.00036808  -0.000677192  -0.000986987  -0.000591146  -0.000182349 -6.25958e-005 -4.21303e-005 -7.02837e-005  -0.000259889      -1.16479             0
      856.849       1675.24       6523.63       18715.1       38189.7       35861.2       15953.5       9380.82       11295.5       17548.9       19340.6       14702.5       12337.3       13464.7       14832.2       11915.3       6932.06       3495.69       1664.98       808.841       473.233       399.551       522.287       892.723       1170.69       618.945       175.105       57.3496       37.6747       62.0766       224.743  -0.000257205   -0.00174384   -0.00504199   0.000560331     0.0307198     0.0520789     0.0259892     0.0109679    0.00563918   -0.00343286    -0.0150651    -0.0158244    -0.0133276    -0.0120602   -0.00905125   -0.00395243   -0.00083443 -6.83239e-005 -5.91492e-005 -9.47958e-005 -9.84475e-005  -0.000112602  -0.000177775   -0.00036019  -0.000586302  -0.000389486  -0.000127708 -4.52267e-005 -3.09395e-005 -5.20752e-005  -0.000196102      -1.75799             0
      768.349       1505.21       5876.51       16923.8         34743       32913.2       14817.3       8849.86       10877.6       17341.7         19703       15528.9       13464.7       15360.7       17508.6         14606       8782.53       4561.36       2228.31       1105.76       658.349       563.747       745.262       1285.18       1697.03       902.016       256.242         84.19       55.4421       91.5229       333.334  -0.000243757   -0.00133458   -0.00400652  -0.000991034      0.019251     0.0356568     0.0185879     0.0081416    0.00446374   -0.00222347    -0.0114905    -0.0124236     -0.010365   -0.00863209   -0.00464031   0.000482415    0.00237238     0.0018269   0.000920576   0.000392686   0.000185826   0.000125041   0.000129025   0.000150354  3.98679e-005 -9.37294e-005 -5.21808e-005 -2.20918e-005 -1.63178e-005 -2.84868e-005  -0.000114001     -0.224471             0
        708.5       1389.99       5437.69       15709.1       32407.6       30923.3       14059.3       8507.51       10641.6       17350.8       20260.2       16480.6       14832.2       17508.6       20848.9       18021.4       11259.1        6045.1       3041.86       1548.22       941.539       820.387       1099.85       1917.91       2554.71       1367.12       390.413       128.796       85.0827       140.792       516.746  -0.000262858   -0.00112169   -0.00353533   -0.00263953     0.0101566     0.0229013     0.0126178    0.00560508    0.00297394   -0.00219631   -0.00949199    -0.0101408   -0.00817635   -0.00582785  -0.000529622    0.00521832     0.0062337    0.00435242    0.00234535    0.00115803    0.00066262   0.000546235    0.00069803    0.00113531    0.00129834   0.000529451   0.000114003  3.04794e-005  1.76495e-005  2.71253e-005  8.73768e-005       1.22895             0
      489.069       960.568       3763.69       10899.6         22573       21663.9       9928.46       6072.67       7707.68         12809       15316.1       12817.4       11915.3         14606       18021.4       16279.7       10530.7       5880.35       3056.89       1601.86       998.664       888.359       1211.28       2141.08       2882.72       1555.61       447.148       148.262       98.3267       163.199       604.835    -0.0002023  -0.000717291   -0.00235951   -0.00278564    0.00270406    0.00996166    0.00592037    0.00258755    0.00111673   -0.00203591   -0.00632983   -0.00653062   -0.00511871   -0.00312217    0.00156129     0.0065619    0.00721561    0.00516533    0.00295352    0.00156837   0.000964661   0.000846764    0.00114108    0.00195983     0.0024344    0.00114105   0.000288591  8.82453e-005  5.60257e-005  9.10444e-005   0.000328637      0.748725             0
      250.367        492.18       1930.77        5601.9       11636.2       11218.1       5174.04       3192.24       4100.45       6923.02       8445.83       7243.49       6932.06       8782.53       11259.1       10530.7       7142.62       4105.64       2226.04       1202.36       770.839       702.147       976.384       1753.67        2391.4       1303.51       377.646       125.989       83.9555        139.86       524.556  -0.000107429  -0.000336284     -0.001143   -0.00172076  -0.000193544    0.00281131    0.00188529   0.000770942   0.000130388   -0.00136147   -0.00327085   -0.00327163   -0.00257436   -0.00152933    0.00115383    0.00425712    0.00485488    0.00366778     0.0022257    0.00125383   0.000813761   0.000747547    0.00104601    0.00185814    0.00239613    0.00117638   0.000310718   9.8063e-005  6.35524e-005   0.000104612   0.000389398      -0.37829             0
      113.608       223.502       877.563       2549.62       5307.94       5135.07       2380.24       1478.76       1917.91       3280.22       4068.76       3562.42       3495.69       4561.36        6045.1       5880.35       4105.64       2503.58        1370.9       780.256       512.924       479.596       681.806       1247.12       1725.95       951.916       278.364       93.5489       62.6945       104.904       399.154 -4.66333e-005  -0.000135059  -0.000469518  -0.000809241  -0.000498756   0.000583953   0.000488804   0.000169753 -8.36902e-005  -0.000714346    -0.0014797   -0.00146269   -0.00119248  -0.000791923   0.000396846    0.00196112     0.0024338    0.00196398    0.00126397   0.000750924   0.000510867   0.000488721   0.000707645    0.00129387    0.00171135   0.000859987   0.000231655  7.42173e-005  4.86329e-005  8.07015e-005   0.000307874    -0.0369422             0
      49.6709       97.7809       384.183       1117.27       2329.84       2259.87       1051.57       656.899       858.569       1483.78        1865.5       1661.44       1664.98       2228.31       3041.86       3056.89       2226.04        1370.9       828.166       449.909       321.633       305.407       444.766       830.232       1168.39         653.2       193.095       65.4529       44.1617       74.2825        287.57 -1.79933e-005 -4.98649e-005  -0.000175789  -0.000326008  -0.000281594  8.83396e-005    0.00011673  2.80864e-005 -6.74981e-005  -0.000316587  -0.000611311  -0.000607734  -0.000519955  -0.000398795  4.96344e-005   0.000736383    0.00102652   0.000889129   0.000605227   0.000377343   0.000268002   0.000266498   0.000399241   0.000750961     0.0010143   0.000516519   0.000140513  4.54292e-005  3.00214e-005  5.01896e-005   0.000196838      0.356576             0
      22.5326       44.3807       174.459       507.707       1060.01       1030.21        480.81       301.649       396.663       691.202       878.484       793.274       808.841       1105.76       1548.22       1601.86       1202.36       780.256       449.909       302.971       180.413        198.32        290.35       554.117       794.489       451.054       135.015        46.226       31.4373       53.2088       210.308 -6.84987e-006 -1.84852e-005 -6.57571e-005  -0.000127371  -0.000127778  2.01298e-006  2.76635e-005  1.64572e-006 -3.49632e-005  -0.000133456  -0.000249086  -0.000250686  -0.000224498  -0.000194213 -3.43653e-005   0.000253536   0.000408465   0.000380278   0.000272902   0.000177936   0.000131706   0.000136234   0.000211726   0.000410978   0.000567679   0.000292572  8.02961e-005  2.62213e-005  1.75152e-005  2.95832e-005   0.000120899      0.059082             0
      12.4879       24.6069       96.7644       281.747       588.784       573.094       268.081        168.75        222.96       391.045       501.272       457.672       473.233       658.349       941.539       998.664       770.839       512.924       321.633       180.413       166.432       129.222       226.731       435.237       636.883       367.837       111.678       38.6786       26.5479        45.262       183.382 -3.15439e-006 -8.32285e-006  -2.9833e-005 -5.98843e-005  -6.6726e-005 -1.13405e-005  6.13385e-006 -2.86115e-006 -1.98606e-005 -6.67131e-005  -0.000121258  -0.000123256  -0.000114649  -0.000108963  -4.4226e-005  9.49654e-005    0.00018526   0.000185941   0.000140462  9.56718e-005  7.38773e-005  7.97821e-005   0.000129404   0.000261228   0.000372409   0.000196388  5.50643e-005  1.83953e-005  1.25645e-005  2.16488e-005  9.55537e-005     -0.439405             0
       10.105       19.9179       78.3476       228.213       477.245       465.063        217.93       137.535       182.385         321.5       414.893       382.119       399.551       563.747       820.387       888.359       702.147       479.596       305.407        198.32       129.222       176.075       223.808       484.085       717.928       422.455       130.288       45.7112       31.7053        54.509        227.34 -2.15795e-006 -5.55077e-006 -2.00603e-005 -4.18346e-005 -5.14671e-005 -1.69851e-005 -8.40378e-007 -4.71291e-006 -1.63487e-005 -4.90695e-005 -8.64343e-005 -8.82117e-005 -8.45953e-005 -8.68042e-005 -5.15923e-005  4.26046e-005    0.00011435   0.000125144  9.96788e-005   7.1004e-005  5.73764e-005  6.50827e-005   0.000111216   0.000236595    0.00035455   0.000196277   5.7894e-005  2.03206e-005  1.44974e-005  2.58926e-005   0.000129635     -0.953174             0
      12.7796       25.1959         99.13       288.835       604.344       589.437       276.584       174.896       232.588       411.597       533.933       495.116       522.287       745.262       1099.85       1211.28       976.384       681.806       444.766        290.35       226.731       223.808       411.749       779.929       1221.01       730.333       229.056       81.5033       57.1887       99.2454       427.928 -2.35198e-006 -5.88446e-006 -2.14526e-005 -4.65558e-005 -6.27368e-005 -2.91735e-005  -6.7867e-006 -8.34563e-006 -2.09579e-005 -5.70323e-005 -9.70592e-005 -9.89796e-005 -9.72914e-005  -0.000106436  -8.0365e-005  1.55612e-005   0.000100478   0.000123272    0.00010408   7.7699e-005  6.59368e-005  7.91276e-005   0.000144172   0.000328734    0.00052996   0.000317608   0.000101643  3.83588e-005  2.90063e-005  5.41673e-005   0.000312405      -1.45147             0
       21.292       41.9869       165.219       481.502       1007.87       983.659       462.041       292.613       389.984       692.211       901.577        840.47       892.723       1285.18       1917.91       2141.08       1753.67       1247.12       830.232       554.117       435.237       484.085       779.929       1696.56       2599.08       1604.84       510.901        184.52         131.1       229.864       1029.59 -3.33718e-006 -8.16024e-006 -2.99665e-005   -6.715e-005 -9.66301e-005 -5.36753e-005 -1.64318e-005 -1.55845e-005 -3.34256e-005 -8.51133e-005  -0.000141042   -0.00014371  -0.000144089  -0.000165722  -0.000145832  -2.1883e-005   0.000104074   0.000149741   0.000134705   0.000105361  9.40008e-005   0.000120042   0.000235868   0.000585344    0.00103342   0.000682799   0.000239775  9.75419e-005  7.80104e-005   0.000151776   0.000991509      -0.43811             0
      27.3769       53.9955       212.496       619.367        1296.8       1266.24       595.232       377.406       503.847       896.406       1171.19       1096.29       1170.69       1697.03       2554.71       2882.72        2391.4       1725.95       1168.39       794.489       636.883       717.928       1221.01       2599.08       4199.92       2590.87        850.65       310.532       223.576       396.415       1855.46 -3.34515e-006 -8.14099e-006 -2.99522e-005 -6.76105e-005 -9.86744e-005 -5.66472e-005 -1.80629e-005 -1.65824e-005 -3.47012e-005 -8.75044e-005   -0.00014487  -0.000148616  -0.000151279  -0.000179102  -0.000169126  -4.8643e-005  8.48692e-005   0.000140212   0.000131969   0.000106643  9.90577e-005   0.000134223   0.000285458   0.000775705    0.00150653    0.00109664   0.000419262   0.000181927   0.000152479   0.000306998    0.00223434        3.6971             0
      14.2566       28.1231       110.685       322.637       675.633        659.93       310.395       196.985       263.328       469.346       614.708       577.225       618.945       902.016       1367.12       1555.61       1303.51       951.916         653.2       451.054       367.837       422.455       730.333       1604.84       2590.87       1681.61       531.741       208.021       148.953       267.318       1317.71 -1.15303e-006 -2.88526e-006 -1.05341e-005 -2.29299e-005 -3.10806e-005 -1.46782e-005 -3.53729e-006 -4.31184e-006 -1.08259e-005 -2.97427e-005 -5.14982e-005 -5.40113e-005 -5.55274e-005 -6.56968e-005 -6.03595e-005 -1.23492e-005  3.97793e-005  6.07733e-005  5.64249e-005  4.56277e-005  4.30778e-005  6.08529e-005   0.000138471    0.00040821   0.000863051   0.000682381   0.000279409   0.000127571   0.000111003     0.0002299    0.00184442       1.94896             0
      3.98682       7.86551       30.9583       90.2455       189.007        184.66       86.8914       55.1818       73.8411       131.795       172.934       162.785       175.105       256.242       390.413       447.148       377.646       278.364       193.095       135.015       111.678       130.288       229.056       510.901        850.65       531.741       207.893       53.6582       55.5526       93.7713       492.371 -1.96418e-007 -5.17255e-007 -1.86203e-006 -3.77872e-006 -4.32167e-006 -8.96547e-007  2.89458e-007 -2.61345e-007 -1.43984e-006 -4.83043e-006 -9.07892e-006 -9.83181e-006 -1.01631e-005  -1.1759e-005 -9.69823e-006  8.38947e-007  1.14207e-005  1.52074e-005    1.366e-005  1.09462e-005  1.04076e-005  1.51562e-005  3.64028e-005   0.000114594   0.000259271   0.000218644  9.42967e-005   4.4758e-005  4.01227e-005  8.50842e-005   0.000747847     -0.885217             0
      1.29423       2.55357       10.0512       29.3014       61.3745       59.9748       28.2305       17.9377       24.0214       42.9195        56.396       53.1848       57.3496         84.19       128.796       148.262       125.989       93.5489       65.4529        46.226       38.6786       45.7112       81.5033        184.52       310.532       208.021       53.6582       50.6845       4.16892       41.1157       210.865 -3.91382e-008 -1.09204e-007 -3.87083e-007 -7.22263e-007 -6.27974e-007  2.05706e-007   2.7178e-007  6.20829e-008 -1.87856e-007 -8.99388e-007  -1.8695e-006 -2.09324e-006 -2.16936e-006 -2.43286e-006 -1.70313e-006  1.00069e-006  3.52362e-006  4.31716e-006  3.79809e-006  3.03475e-006  2.91385e-006   4.3633e-006  1.09623e-005  3.63499e-005  8.66716e-005  7.67797e-005  3.44582e-005  1.68701e-005   1.5508e-005  3.35856e-005   0.000323773      -1.30005             0
     0.844495       1.66633       6.55914       19.1221       40.0567       39.1495       18.4327       11.7167       15.6995       28.0729        36.927       34.8736       37.6747       55.4421       85.0827       98.3267       83.9555       62.6945       44.1617       31.4373       26.5479       31.7053       57.1887         131.1       223.576       148.953       55.5526       4.16892       39.3031       12.8575       184.135 -1.63826e-008 -4.81679e-008  -1.6845e-007 -2.89989e-007 -1.69252e-007  2.40472e-007  1.99853e-007  7.20184e-008 -3.84099e-008  -3.4993e-007 -8.04716e-007 -9.27517e-007 -9.62338e-007 -1.04686e-006 -6.03588e-007  7.83735e-007  2.01443e-006  2.36486e-006  2.06137e-006  1.65116e-006  1.60501e-006  2.46723e-006  6.43835e-006  2.22511e-005  5.52657e-005  5.08653e-005  2.35618e-005  1.18382e-005  1.11269e-005   2.4574e-005   0.000261667      -1.46878             0
      1.38434       2.73164       10.7528       31.3494       65.6751       64.1957       30.2312       19.2222       25.7673        46.103       60.6929       57.3796       62.0766       91.5229       140.792       163.199        139.86       104.904       74.2825       53.2088        45.262        54.509       99.2454       229.864       396.415       267.318       93.7713       41.1157       12.8575       74.8228       376.494 -1.82847e-008 -5.57913e-008  -1.9332e-007 -3.13457e-007 -1.11446e-007  3.96236e-007  2.94439e-007  1.18613e-007 -9.35984e-009 -3.68248e-007 -9.16302e-007 -1.07779e-006  -1.1192e-006 -1.19141e-006  -5.7785e-007  1.19321e-006   2.7231e-006  3.13661e-006  2.72848e-006  2.19705e-006  2.16371e-006  3.40727e-006  9.18225e-006  3.28113e-005  8.41644e-005  7.98384e-005  3.79469e-005  1.94916e-005  1.86892e-005  4.20419e-005   0.000500295      -2.51525             0
      4.93097       9.73108       38.3093       111.705       234.073       228.894       107.859       68.6452       92.1429       165.173       217.997       206.799       224.743       333.334       516.746       604.835       524.556       399.154        287.57       210.308       183.382        227.34       427.928       1029.59       1855.46       1317.71       492.371       210.865       184.135       376.494       9594.38             0             0             0             0             0             0             0             0             0             0             0             0             0             0             0             0             0             0             0             0             0             0             0             0             0             0             0             0             0             0             0       3.09468             0
 -0.000988284    0.00458331    0.00453125    -0.0369369     -0.112329     -0.100005    -0.0314794    -0.0101212   -0.00583383   -0.00386937   -0.00162563  -0.000511229  -0.000257205  -0.000243757  -0.000262858    -0.0002023  -0.000107429 -4.66333e-005 -1.79933e-005 -6.84987e-006 -3.15439e-006 -2.15795e-006 -2.35198e-006 -3.33718e-006 -3.34515e-006 -1.15303e-006 -1.96418e-007 -3.91382e-008 -1.63826e-008 -1.82847e-008             0  8.64047e-006  3.49569e-006  1.40611e-005  3.00808e-005   4.3141e-005  2.74625e-005  8.16256e-006   3.1459e-006  2.39763e-006  2.29692e-006  1.54157e-006  7.15683e-007  3.69446e-007  2.54106e-007  1.79451e-007   9.4752e-008   3.7065e-008  1.28386e-008   4.2797e-009   1.4787e-009  6.23906e-010  3.84401e-010  3.70308e-010  4.69906e-010  4.59131e-010  1.80883e-010  3.82095e-011  9.37778e-012  4.63193e-012  5.75362e-012             0             0   -0.00237362
  -0.00925571   -0.00566291    -0.0322038      -0.14559     -0.314057      -0.25465    -0.0807216    -0.0281839     -0.018442    -0.0147462   -0.00819346   -0.00337833   -0.00174384   -0.00133458   -0.00112169  -0.000717291  -0.000336284  -0.000135059 -4.98649e-005 -1.84852e-005 -8.32285e-006 -5.55077e-006 -5.88446e-006 -8.16024e-006 -8.14099e-006 -2.88526e-006 -5.17255e-007 -1.09204e-007 -4.81679e-008 -5.57913e-008             0  3.49569e-006  9.82148e-006  2.23791e-005  5.07817e-005  7.43755e-005   4.8674e-005   1.4946e-005  5.95144e-006  4.65886e-006  4.55542e-006  3.10372e-006  1.45662e-006  7.58051e-007  5.24797e-007  3.72708e-007  1.97799e-007  7.77384e-008  2.70397e-008  9.04437e-009  3.13342e-009   1.3252e-009   8.1847e-010  7.90584e-010  1.00581e-009  9.83726e-010  3.86792e-010  8.14637e-011  1.99465e-011  9.83678e-012  1.22084e-011             0             0   -0.00262586
   -0.0188431   -0.00473033    -0.0585003      -0.36574     -0.879333     -0.758754     -0.248742    -0.0877094    -0.0571684    -0.0448867    -0.0241368   -0.00970097   -0.00504199   -0.00400652   -0.00353533   -0.00235951     -0.001143  -0.000469518  -0.000175789 -6.57571e-005  -2.9833e-005 -2.00603e-005 -2.14526e-005 -2.99665e-005 -2.99522e-005 -1.05341e-005 -1.86203e-006 -3.87083e-007  -1.6845e-007  -1.9332e-007             0  1.40611e-005  2.23791e-005  7.81732e-005     0.0001708   0.000262575   0.000177698  5.58722e-005  2.26516e-005   1.8032e-005   1.7905e-005  1.23648e-005  5.86912e-006  3.08218e-006  2.14858e-006  1.53359e-006  8.16716e-007  3.21712e-007  1.12063e-007   3.7522e-008  1.30093e-008  5.50425e-009  3.39943e-009  3.28202e-009  4.17276e-009  4.08133e-009  1.60724e-009  3.39179e-010  8.31787e-011  4.10636e-011  5.09957e-011             0             0   -0.00117938
   0.00948788     0.0679829       0.14165     -0.154283     -0.950391       -1.0477     -0.367494     -0.122015    -0.0679355    -0.0380728   -0.00840343   0.000767695   0.000560331  -0.000991034   -0.00263953   -0.00278564   -0.00172076  -0.000809241  -0.000326008  -0.000127371 -5.98843e-005 -4.18346e-005 -4.65558e-005   -6.715e-005 -6.76105e-005 -2.29299e-005 -3.77872e-006 -7.22263e-007 -2.89989e-007 -3.13457e-007             0  3.00808e-005  5.07817e-005     0.0001708   0.000415936   0.000666109   0.000471607   0.000152593  6.30788e-005   5.1169e-005  5.17558e-005  3.63644e-005  1.75283e-005  9.32302e-006  6.56319e-006   4.7175e-006  2.52377e-006  9.96729e-007  3.47655e-007  1.16493e-007  4.04083e-008  1.70967e-008  1.05507e-008  1.01698e-008  1.29054e-008  1.26195e-008   4.9854e-009   1.0565e-009  2.59952e-010  1.28617e-010  1.59932e-010             0             0   0.000272268
    0.0728906      0.191932      0.559939      0.736335      0.246786     -0.383118      -0.17726    -0.0284808     0.0286607     0.0843931     0.0948755     0.0560315     0.0307198      0.019251     0.0101566    0.00270406  -0.000193544  -0.000498756  -0.000281594  -0.000127778  -6.6726e-005 -5.14671e-005 -6.27368e-005 -9.66301e-005 -9.86744e-005 -3.10806e-005 -4.32167e-006 -6.27974e-007 -1.69252e-007 -1.11446e-007             0   4.3141e-005  7.43755e-005   0.000262575   0.000666109       0.00114   0.000844991   0.000285066   0.000121704   0.000101774   0.000105921  7.63736e-005   3.7658e-005  2.04125e-005  1.45881e-005  1.06062e-005  5.72124e-006  2.27241e-006  7.95633e-007  2.67319e-007  9.29064e-008  3.93549e-008   2.4293e-008  2.34006e-008  2.96639e-008  2.90112e-008  1.14944e-008  2.44483e-009  6.03285e-010  2.99069e-010  3.72311e-010             0             0   0.000470316
    0.0709528      0.158891      0.520398        1.0082       1.22581      0.609168      0.180414      0.111123      0.134274      0.187033      0.167257     0.0929395     0.0520789     0.0356568     0.0229013    0.00996166    0.00281131   0.000583953  8.83396e-005  2.01298e-006 -1.13405e-005 -1.69851e-005 -2.91735e-005 -5.36753e-005 -5.66472e-005 -1.46782e-005 -8.96547e-007  2.05706e-007  2.40472e-007  3.96236e-007             0  2.74625e-005   4.8674e-005   0.000177698   0.000471607   0.000844991   0.000665436   0.000233312   0.000104471  9.10076e-005  9.84022e-005  7.34365e-005  3.73158e-005   2.0747e-005  1.51372e-005  1.11869e-005  6.11059e-006  2.44989e-006  8.63708e-007  2.91684e-007  1.01765e-007   4.3226e-008  2.67282e-008  2.57662e-008  3.26704e-008  3.19757e-008  1.26979e-008  2.70793e-009  6.69584e-010  3.32405e-010  4.14173e-010             0             0    0.00101804
    0.0197926     0.0416013       0.14682      0.335807      0.510357      0.337344      0.114209     0.0607132     0.0662023     0.0885495     0.0788977       0.04479     0.0259892     0.0185879     0.0126178    0.00592037    0.00188529   0.000488804    0.00011673  2.76635e-005  6.13385e-006 -8.40378e-007  -6.7867e-006 -1.64318e-005 -1.80629e-005 -3.53729e-006  2.89458e-007   2.7178e-007  1.99853e-007  2.94439e-007             0  8.16256e-006   1.4946e-005  5.58722e-005   0.000152593   0.000285066   0.000233312  8.94245e-005  3.97291e-005  3.73839e-005  4.23328e-005  3.29354e-005  1.73543e-005  9.95053e-006    7.448e-006  5.62011e-006  3.12146e-006  1.26803e-006  4.51645e-007  1.53735e-007  5.39623e-008  2.30279e-008  1.42895e-008  1.38123e-008  1.75489e-008  1.72023e-008  6.83962e-009  1.46003e-009  3.61289e-010  1.79459e-010  2.23699e-010             0             0    0.00108507
   0.00361113     0.0065092     0.0264298     0.0768899      0.143948       0.11152     0.0392676     0.0199013     0.0217425     0.0306282     0.0293495     0.0178738     0.0109679     0.0081416    0.00560508    0.00258755   0.000770942   0.000169753  2.80864e-005  1.64572e-006 -2.86115e-006 -4.71291e-006 -8.34563e-006 -1.55845e-005 -1.65824e-005 -4.31184e-006 -2.61345e-007  6.20829e-008  7.20184e-008  1.18613e-007             0   3.1459e-006  5.95144e-006  2.26516e-005  6.30788e-005   0.000121704   0.000104471  3.97291e-005  2.24645e-005  1.84236e-005  2.33324e-005  1.90459e-005   1.0467e-005  6.22152e-006  4.80005e-006  3.71428e-006  2.10599e-006  8.69989e-007  3.14069e-007  1.08046e-007  3.82406e-008  1.64254e-008  1.02462e-008  9.94741e-009  1.26836e-008  1.24622e-008  4.95825e-009  1.05835e-009  2.61869e-010   1.3008e-010  1.62174e-010             0             0   0.000228317
  -0.00113765   -0.00479397    -0.0123002   -0.00189029     0.0410211     0.0535814     0.0189233    0.00650112    0.00535453    0.00831116     0.0104066    0.00795325    0.00563918    0.00446374    0.00297394    0.00111673   0.000130388 -8.36902e-005 -6.74981e-005 -3.49632e-005 -1.98606e-005 -1.63487e-005 -2.09579e-005 -3.34256e-005 -3.47012e-005 -1.08259e-005 -1.43984e-006 -1.87856e-007 -3.84099e-008 -9.35984e-009             0  2.39763e-006  4.65886e-006   1.8032e-005   5.1169e-005   0.000101774  9.10076e-005  3.73839e-005  1.84236e-005  2.22729e-005  2.41846e-005  2.18006e-005  1.25754e-005  7.79824e-006  6.23894e-006  4.97755e-006  2.89476e-006  1.22093e-006  4.48221e-007  1.56268e-007  5.58901e-008  2.42051e-008   1.5199e-008  1.48351e-008  1.89974e-008  1.87214e-008  7.45825e-009  1.59274e-009  3.94227e-010  1.95893e-010  2.44314e-010             0             0 -2.32508e-005
  -0.00525964    -0.0158573    -0.0498563    -0.0712228    -0.0336364     0.0252809    0.00847742   -0.00531004    -0.0134895    -0.0215705    -0.0176829   -0.00789641   -0.00343286   -0.00222347   -0.00219631   -0.00203591   -0.00136147  -0.000714346  -0.000316587  -0.000133456 -6.67131e-005 -4.90695e-005 -5.70323e-005 -8.51133e-005 -8.75044e-005 -2.97427e-005 -4.83043e-006 -8.99388e-007  -3.4993e-007 -3.68248e-007             0  2.29692e-006  4.55542e-006   1.7905e-005  5.17558e-005   0.000105921  9.84022e-005  4.23328e-005  2.33324e-005  2.41846e-005  3.61689e-005  2.98192e-005  1.88298e-005  1.22539e-005  1.02286e-005  8.46363e-006  5.07571e-006  2.19593e-006  8.23025e-007  2.91744e-007  1.05725e-007   4.6264e-008  2.92887e-008  2.87737e-008  3.70361e-008  3.66347e-008  1.46278e-008  3.12827e-009  7.75107e-010  3.85481e-010  4.81107e-010             0             0  -0.000150635
  -0.00658629    -0.0195519    -0.0635738    -0.0991804    -0.0652781     0.0166364    0.00657437    -0.0106306    -0.0254595    -0.0454866    -0.0448888    -0.0258683    -0.0150651    -0.0114905   -0.00949199   -0.00632983   -0.00327085    -0.0014797  -0.000611311  -0.000249086  -0.000121258 -8.64343e-005 -9.70592e-005  -0.000141042   -0.00014487 -5.14982e-005 -9.07892e-006  -1.8695e-006 -8.04716e-007 -9.16302e-007             0  1.54157e-006  3.10372e-006  1.23648e-005  3.63644e-005  7.63736e-005  7.34365e-005  3.29354e-005  1.90459e-005  2.18006e-005  2.98192e-005  3.21668e-005  1.81415e-005  1.32195e-005  1.15787e-005  9.99712e-006   6.2192e-006  2.77502e-006  1.06693e-006  3.86111e-007  1.42257e-007   6.3071e-008  4.03423e-008  3.99547e-008  5.17532e-008  5.14378e-008   2.0609e-008  4.41829e-009  1.09679e-009   5.4625e-010  6.82525e-010             0             0  -0.000386259
  -0.00451572    -0.0137572    -0.0450387    -0.0688428    -0.0369619     0.0284058      0.013357    -0.0043617     -0.017818    -0.0370837     -0.040721    -0.0255395    -0.0158244    -0.0124236    -0.0101408   -0.00653062   -0.00327163   -0.00146269  -0.000607734  -0.000250686  -0.000123256 -8.82117e-005 -9.89796e-005   -0.00014371  -0.000148616 -5.40113e-005 -9.83181e-006 -2.09324e-006 -9.27517e-007 -1.07779e-006             0  7.15683e-007  1.45662e-006  5.86912e-006  1.75283e-005   3.7658e-005  3.73158e-005  1.73543e-005   1.0467e-005  1.25754e-005  1.88298e-005  1.81415e-005  1.53858e-005  8.41074e-006  8.80554e-006  7.98007e-006  5.18229e-006  2.39961e-006  9.51794e-007  3.53407e-007  1.32945e-007  5.99292e-008  3.88382e-008  3.88611e-008   5.0739e-008   5.0742e-008  2.04276e-008  4.39552e-009   1.0942e-009  5.46122e-010  6.83472e-010             0             0  -0.000429572
  -0.00313322   -0.00991297    -0.0323581    -0.0465721    -0.0130186     0.0408453     0.0201023    0.00171987   -0.00957989    -0.0257547    -0.0315926    -0.0210136    -0.0133276     -0.010365   -0.00817635   -0.00511871   -0.00257436   -0.00119248  -0.000519955  -0.000224498  -0.000114649 -8.45953e-005 -9.72914e-005  -0.000144089  -0.000151279 -5.55274e-005 -1.01631e-005 -2.16936e-006 -9.62338e-007  -1.1192e-006             0  3.69446e-007  7.58051e-007  3.08218e-006  9.32302e-006  2.04125e-005   2.0747e-005  9.95053e-006  6.22152e-006  7.79824e-006  1.22539e-005  1.32195e-005  8.41074e-006  9.57523e-006  6.03525e-006  6.84484e-006  4.66869e-006  2.25799e-006  9.29842e-007  3.56299e-007  1.37549e-007  6.33157e-008  4.17218e-008  4.22961e-008  5.57899e-008  5.62395e-008  2.27841e-008  4.92685e-009  1.23112e-009  6.16234e-010    7.729e-010             0             0  -0.000375197
