IGOR
WAVES/D/O/N=(64, 64)	Hess
BEGIN
      79.3339       88.7952       647.295       4245.63       3997.46       2273.86       1091.73       656.631       534.693       462.836       361.322       276.955       230.682       203.891       173.735       128.348       72.9141       31.5582       13.0855       6.96508       5.61297       6.59718        8.6429       7.89394       3.49412      0.947536       0.27177      0.129799        0.1374      0.358556        1.9651  1.43509e-005  -0.000588586   -0.00562717    -0.0279996    0.00623757     0.0113567    0.00479076    0.00192306    0.00106089    0.00079024    0.00064872   0.000523384   0.000423124    0.00033243    0.00023374   0.000136473  6.16036e-005  2.20584e-005  7.86813e-006  3.69884e-006  2.68272e-006  2.88176e-006  3.49401e-006  2.97836e-006  1.23802e-006  3.18244e-007   8.7452e-008  4.03928e-008   4.1665e-008  1.06588e-007  5.48091e-007      -1.32053             0
      88.7952       206.801       1092.76        7349.5       6927.49        3965.7       1921.73       1166.22       956.537       832.448        652.45        501.67       418.939       371.108       316.811       234.403        133.32       57.7528       23.9626        12.761       10.2876       12.0949       15.8489        14.478       6.40927       1.73824      0.498597      0.238147      0.252104      0.657907       3.60609   0.000533585  -0.000162929   -0.00526986    -0.0275778     0.0217239     0.0229858    0.00892312    0.00313868    0.00124717   0.000546887   0.000294176   0.000156551  2.82731e-005  -0.000108442  -0.000223611  -0.000255882  -0.000185425 -9.22899e-005 -4.17443e-005 -2.35768e-005 -1.98305e-005  -2.4061e-005  -3.2295e-005 -3.00676e-005 -1.35181e-005 -3.71077e-006 -1.07414e-006 -5.16559e-007  -5.4963e-007 -1.43985e-006  -7.9852e-006      -2.30879             0
      647.295       1092.76       6910.29       46369.3       44013.3       25439.8         12470          7651       6333.98       5553.02       4377.35       3381.27        2834.4       2518.75       2155.86       1598.44       910.616       394.957       164.027       87.4119       70.5072       82.9281       108.701       99.3227       43.9775       11.9287       3.42201       1.63461       1.73051       4.51627       24.7581    0.00494351    0.00233101    -0.0131264    -0.0751079      0.186962      0.161629     0.0604004     0.0193679    0.00494132   -0.00106733   -0.00292042   -0.00347021   -0.00412758   -0.00497424   -0.00544173   -0.00483077    -0.0031051   -0.00145524  -0.000636395  -0.000351786  -0.000291513  -0.000349895  -0.000465815  -0.000430865  -0.000192666 -5.26632e-005 -1.51957e-005 -7.29038e-006 -7.74351e-006 -2.02589e-005  -0.000111909      -2.42089             0
      4245.63        7349.5       46369.3        316330        304706        178717       88677.5       55006.4       45993.7       40678.4         32306       25108.3       21151.7       18869.9       16201.2       12041.3       6872.74       2985.24       1241.17       662.007       534.334       628.782        824.52       753.601        333.75       90.5438       25.9777       12.4101       13.1392       34.2925       188.024     0.0248853    0.00949118      -0.09847     -0.576437       1.12135       1.05134      0.412359      0.139522     0.0407481   -0.00136599    -0.0152329     -0.020269     -0.026082    -0.0333423    -0.0379873    -0.0346209    -0.0226197    -0.0107089   -0.00471458    -0.0026185   -0.00217745    -0.0026204   -0.00349552   -0.00323832   -0.00144986  -0.000396688  -0.000114546 -5.49856e-005 -5.84273e-005  -0.000152908  -0.000845467       10.3834             0
      3997.46       6927.49       44013.3        304706        301863        181007         91063       57094.2       48252.3       43142.5       34615.9       27138.6       23017.8       20638.1       17783.8       13253.1       7580.31       3298.16       1373.13       733.163       592.246        697.36       914.872       836.474       370.548       100.546       28.8518       13.7847       14.5957       38.0965       208.924   -0.00397401     -0.028781     -0.280669      -1.63092      0.156149      0.658231      0.326318      0.147058     0.0905088     0.0765203     0.0706964     0.0624288     0.0541023     0.0450176     0.0333394     0.0204832    0.00972571    0.00365069    0.00135814   0.000662782   0.000496951   0.000549742   0.000684046   0.000596873   0.000253465  6.63749e-005  1.85192e-005  8.65842e-006  9.01708e-006  2.32403e-005   0.000122474       -3.3771             0
      2273.86        3965.7       25439.8        178717        181007        110996       56836.8       36245.6       31140.6         28298       23050.6       18310.2       15698.1       14195.3       12312.8       9222.77       5296.31       2311.76       964.877       516.185       417.596       492.276       646.385       591.385       262.106       71.1481       20.4218       9.75915       10.3351       26.9791       148.014   -0.00885097    -0.0248744     -0.201508      -1.21429     -0.224963      0.236024      0.153165     0.0847066     0.0691188     0.0748457     0.0784274     0.0750229      0.070816     0.0656471     0.0557414     0.0401346     0.0222806    0.00953405    0.00393696    0.00209184    0.00168352      0.001976    0.00258459    0.00235554    0.00103986   0.000281296  8.05264e-005  3.84054e-005  4.06116e-005   0.000105898   0.000579066      0.225124             0
      1091.73       1921.73         12470       88677.5         91063       56836.8       29720.2       19319.4       16965.4       15732.6         13062       10554.2       9182.17       8405.27       7363.57       5559.98       3213.33       1409.65       590.679       316.966       257.032       303.548       399.128       365.554       162.147       44.0414       12.6472       6.04599       6.40453       16.7221       91.8011   -0.00371006    -0.0103357     -0.085291     -0.534115     -0.118609     0.0974971     0.0683163     0.0389936     0.0328435     0.0375709     0.0417385     0.0417749     0.0406993     0.0385088     0.0330838     0.0239641     0.0133528    0.00573317    0.00237484    0.00126504    0.00102005     0.0011989    0.00156962    0.00143132   0.000632009   0.000170985  4.89512e-005  2.33475e-005  2.46898e-005  6.43827e-005   0.000352105     -0.945647             0
      656.631       1166.22          7651       55006.4       57094.2       36245.6       19319.4       12895.3       11569.6       11013.4       9360.01       7729.29        6855.7       6380.84       5668.51       4329.34       2525.25       1115.92       470.289       253.492       206.273       244.253        321.82       295.212       131.103       35.6422       10.2424       4.89897       5.19158       13.5592         74.51   -0.00143458   -0.00448788    -0.0395253     -0.256634    -0.0470166     0.0616404     0.0412828     0.0225833     0.0176327     0.0198204     0.0230065     0.0240174     0.0239018     0.0225905     0.0189979     0.0132952     0.0071534    0.00299029    0.00121516   0.000637877   0.000508272   0.000591542   0.000768026   0.000695124   0.000304819  8.19866e-005  2.33652e-005  1.11055e-005  1.17131e-005  3.04834e-005    0.00016569     -0.959636             0
      534.693       956.537       6333.98       45993.7       48252.3       31140.6       16965.4       11569.6       10723.1       10461.2       9162.82       7770.65       7063.61       6717.56       6078.31       4713.86       2784.02       1242.61       527.825       286.269       234.066       278.195       367.592       337.942       150.332       40.9225       11.7713       5.63447       5.97441       15.6106       85.8993  -0.000749038   -0.00264018    -0.0246602     -0.165323     -0.023945     0.0498139     0.0328113     0.0175548     0.0127695     0.0139735     0.0170362     0.0186902     0.0190678     0.0179449     0.0145627    0.00956397    0.00477373    0.00186537   0.000717074   0.000359092   0.000274611   0.000308301   0.000387772   0.000340859   0.000145418  3.81947e-005  1.06793e-005  5.00075e-006  5.21398e-006  1.34502e-005  7.10799e-005      0.230608             0
      462.836       832.448       5553.02       40678.4       43142.5         28298       15732.6       11013.4       10461.2       10589.6       9537.29       8363.59       7826.66       7641.64       7073.76       5592.31       3355.68       1517.17       651.109        356.01       292.944       349.895       464.097       427.914       190.785       52.0234       14.9841       7.17949       7.61845       19.9178       109.801  -0.000544176   -0.00187724    -0.0176841     -0.121731    -0.0212244     0.0357953     0.0247836     0.0134346     0.0096623     0.0109945     0.0146225     0.0172431     0.0184789     0.0178816     0.0145894    0.00941302    0.00454062    0.00170805   0.000633085   0.000305932   0.000225809    0.00024482    0.00029759   0.000252667   0.000104002  2.64198e-005   7.1796e-006  3.28444e-006  3.36102e-006  8.54328e-006  4.29617e-005      0.743975             0
      361.322        652.45       4377.35         32306       34615.9       23050.6         13062       9360.01       9162.82       9537.29       8946.01       8081.42       7835.81        7884.2       7497.36       6065.88        3711.3       1705.05       741.295       409.537       339.748       408.393       544.375       503.853       225.301       61.5737       17.7654       8.52327       9.05343       23.6875       130.898    -0.0004536   -0.00136824    -0.0124201    -0.0873182    -0.0239154     0.0180118     0.0142895     0.0079025    0.00580522    0.00757247     0.0116932     0.0152614     0.0176637      0.018264     0.0158622     0.0109067     0.0056221    0.00225778   0.000889373   0.000454423   0.000352904   0.000400645   0.000507714   0.000448064   0.000191323  5.02266e-005  1.40326e-005  6.56623e-006  6.84205e-006  1.76416e-005  9.30858e-005     0.0490757             0
      276.955        501.67       3381.27       25108.3       27138.6       18310.2       10554.2       7729.29       7770.65       8363.59       8081.42       7624.88       7618.05       7946.45       7788.89        6474.5       4054.56       1899.56       839.275       469.748       393.768       477.219       640.201       595.493         267.3        73.267       21.1869       10.1823       10.8299        28.364        157.24  -0.000370882  -0.000998868   -0.00870311    -0.0622387    -0.0238273    0.00612197    0.00665674    0.00359168    0.00254836    0.00431683    0.00841395     0.0124865     0.0158209     0.0176774     0.0165363     0.0122694    0.00683558    0.00295398    0.00124152   0.000670951   0.000546792   0.000646818   0.000848896     0.0007724     0.0003389  9.10418e-005   2.5912e-005  1.23033e-005  1.29666e-005  3.37274e-005   0.000183071     -0.372425             0
      230.682       418.939        2834.4       21151.7       23017.8       15698.1       9182.17        6855.7       7063.61       7826.66       7835.81       7618.05       7955.93       8553.48       8689.89       7446.54       4792.08       2298.44       1035.76       589.218       500.448       612.896       829.034       776.133       350.133       96.3429       27.9427       13.4598       14.3408       37.6091       209.374  -0.000298949  -0.000754223   -0.00640006    -0.0464096    -0.0216024   0.000561218      0.002674    0.00116595   0.000483883    0.00191248    0.00566813    0.00988417     0.0138042     0.0166439     0.0166448     0.0131481    0.00778406    0.00356246     0.0015757   0.000889502   0.000751748   0.000916209    0.00123199    0.00114338   0.000509883   0.000138772  3.99029e-005  1.90971e-005  2.02499e-005  5.29187e-005   0.000291564     -0.214317             0
      203.891       371.108       2518.75       18869.9       20638.1       14195.3       8405.27       6380.84       6717.56       7641.64        7884.2       7946.45       8553.48       9603.79       10064.4       8938.43       5931.53       2924.38       1349.47       783.137       676.146        839.12       1147.09       1082.87       491.698       135.981        39.593       19.1289       20.4278       53.6665       300.446  -0.000229856  -0.000563158   -0.00472658    -0.0346637     -0.017844   -0.00140296   0.000875196  5.83967e-006  -0.000628153   0.000305871     0.0034492    0.00740284      0.011443      0.014813     0.0156707     0.0129837    0.00804686     0.0038609     0.0017874    0.00105068   0.000918754     0.0011514    0.00158312    0.00149504   0.000675672   0.000185803   5.3857e-005  2.59364e-005  2.76345e-005  7.24847e-005    0.00040416    -0.0293815             0
      173.735       316.811       2155.86       16201.2       17783.8       12312.8       7363.57       5668.51       6078.31       7073.76       7497.36       7788.89       8689.89       10064.4       11004.8       10088.9       6941.51       3529.65       1674.55       995.221       876.593       1105.87       1531.89       1461.45       669.127       186.252       54.5034        26.435       28.3143       74.5554       420.452  -0.000154597  -0.000377427   -0.00317415    -0.0234922    -0.0125182   -0.00137415   0.000300259  -0.000312587  -0.000923975  -0.000480484    0.00177601    0.00493747    0.00842261      0.011603     0.0128248     0.0109706    0.00701276    0.00349903    0.00169236      0.001037    0.00094003    0.00121363    0.00170874    0.00164302   0.000752369   0.000208944  6.10303e-005  2.95674e-005  3.16503e-005  8.33185e-005   0.000470099    -0.0411628             0
      128.348       234.403       1598.44       12041.3       13253.1       9222.77       5559.98       4329.34       4713.86       5592.31       6065.88        6474.5       7446.54       8938.43       10088.9       9653.32       6851.58       3616.32       1768.65       1080.49       974.389       1253.68       1764.85       1705.68       789.038       221.416       65.2045       31.7804       34.1684       90.2315       513.626 -8.39836e-005  -0.000207844    -0.0017672    -0.0131757   -0.00695223  -0.000649841   0.000228055  -0.000204963  -0.000674787   -0.00055134   0.000759256    0.00278869    0.00517741    0.00750776    0.00857968    0.00748427    0.00487449    0.00251393    0.00127091   0.000814581   0.000768635    0.00102623    0.00148415    0.00145605   0.000676286    0.00018979   5.5889e-005  2.72507e-005  2.93174e-005  7.74807e-005   0.000442892      0.329551             0
      72.9141        133.32       910.616       6872.74       7580.31       5296.31       3213.33       2525.25       2784.02       3355.68        3711.3       4054.56       4792.08       5931.53       6941.51       6851.58       5090.91       2756.84       1404.85       883.014       817.918       1076.63       1544.62       1516.11       710.109        201.24       59.7226       29.2843       31.6319       83.8338       482.783  -3.4412e-005 -8.67077e-005  -0.000746542   -0.00559827   -0.00288365  -0.000176099   0.000155863 -7.22514e-005  -0.000322852   -0.00032023   0.000252745    0.00122196    0.00243376    0.00369274    0.00435902    0.00388497    0.00258568    0.00138502    0.00073673   0.000497326   0.000491541   0.000682361    0.00101835    0.00102331   0.000483644   0.000137515  4.09119e-005  2.01095e-005  2.17716e-005  5.78223e-005   0.000335951      0.710772             0
      31.5582       57.7528       394.957       2985.24       3298.16       2311.76       1409.65       1115.92       1242.61       1517.17       1705.05       1899.56       2298.44       2924.38       3529.65       3616.32       2756.84       1584.92       809.811       537.737       510.039        688.68       1009.58       1008.81       479.422       137.456       41.1713       20.3344       22.0885       58.7962       343.435 -1.10525e-005 -2.81123e-005  -0.000243769   -0.00183607  -0.000937671 -4.40005e-005   5.8878e-005 -2.47589e-005  -0.000120014  -0.000133771  5.67251e-005   0.000404447   0.000863842    0.00137304    0.00168511    0.00155501    0.00107637   0.000608221   0.000344092   0.000246448   0.000256613   0.000372268   0.000576045   0.000595804   0.000287999  8.33443e-005  2.51433e-005  1.24947e-005  1.36435e-005  3.64762e-005   0.000216586       0.18953             0
      13.0855       23.9626       164.027       1241.17       1373.13       964.877       590.679       470.289       527.825       651.109       741.295       839.275       1035.76       1349.47       1674.55       1768.65       1404.85       809.811       464.114       288.304       298.281       409.812       615.209       627.196       303.049       88.0662       26.6637       13.2819       14.5244       38.8634       230.926 -3.51743e-006 -8.93914e-006 -7.75929e-005  -0.000586353  -0.000302876 -1.74103e-005  1.63062e-005 -1.12028e-005 -4.47023e-005 -5.34457e-005   6.8094e-006   0.000124368   0.000287227   0.000478968   0.000613303   0.000590936   0.000430577   0.000259116   0.000156608   0.000119256   0.000131065   0.000199179    0.00032055   0.000342538   0.000170058  5.02892e-005   1.5436e-005  7.77649e-006   8.5831e-006  2.31397e-005   0.000141236     -0.380325             0
      6.96508        12.761       87.4119       662.007       733.163       516.185       316.966       253.492       286.269        356.01       409.537       469.748       589.218       783.137       995.221       1080.49       883.014       537.737       288.304       226.643       199.882       305.441       465.718        485.32       238.876       70.4864       21.6076       10.8707       11.9814       32.2567       195.647 -1.46472e-006 -3.69749e-006  -3.2012e-005    -0.0002425   -0.00012807 -1.04484e-005   4.4895e-006 -6.71767e-006  -2.1535e-005 -2.68415e-005 -2.66733e-006  4.73832e-005   0.000119465   0.000208783   0.000278467   0.000280117   0.000215047   0.000137719  8.86936e-005  7.16437e-005  8.30362e-005   0.000132285   0.000221863   0.000245677   0.000125728  3.81373e-005  1.19536e-005  6.12513e-006  6.85294e-006  1.86751e-005   0.000118256     -0.603546             0
      5.61297       10.2876       70.5072       534.334       592.246       417.596       257.032       206.273       234.066       292.944       339.748       393.768       500.448       676.146       876.593       974.389       817.918       510.039       298.281       199.882       239.451       313.675       517.704       549.064       275.758       82.7647       25.7299       13.0928       14.5623       39.4878       245.412 -9.32048e-007 -2.33065e-006 -2.00885e-005  -0.000152453  -8.2679e-005 -9.17557e-006  1.02692e-006 -5.74074e-006 -1.55215e-005 -1.98418e-005 -5.33528e-006  2.63612e-005  7.34344e-005   0.000134209   0.000185681   0.000194111   0.000156236   0.000105878  7.22629e-005  6.16737e-005  7.52368e-005   0.000125673   0.000220157   0.000253697   0.000134607  4.21645e-005  1.35903e-005  7.13087e-006  8.13681e-006  2.25323e-005   0.000151162     -0.690292             0
      6.59718       12.0949       82.9281       628.782        697.36       492.276       303.548       244.253       278.195       349.895       408.393       477.219       612.896        839.12       1105.87       1253.68       1076.63        688.68       409.812       305.441       313.675       510.012       786.876       875.918       447.891       136.923       43.2291       22.2783       25.0342       68.4412       437.517 -8.69372e-007 -2.15052e-006 -1.84339e-005  -0.000140084 -7.81395e-005 -1.10979e-005 -8.89824e-007 -6.75697e-006  -1.6072e-005  -2.0869e-005 -8.30895e-006  2.05357e-005  6.43968e-005   0.000122854   0.000175489   0.000189512   0.000158833   0.000113116  8.13235e-005  7.30035e-005   9.3511e-005    0.00016383   0.000300909   0.000363493   0.000202025  6.61418e-005  2.21955e-005  1.20648e-005  1.41849e-005  4.02617e-005   0.000295524     -0.597679             0
       8.6429       15.8489       108.701        824.52       914.872       646.385       399.128        321.82       367.592       464.097       544.375       640.201       829.034       1147.09       1531.89       1764.85       1544.62       1009.58       615.209       465.718       517.704       786.876       1348.29       1477.44       784.048       243.405       78.1171       40.8121       46.3764       127.936       844.198 -9.04434e-007  -2.2131e-006 -1.88605e-005  -0.000143467 -8.22312e-005 -1.41101e-005 -2.79841e-006 -8.41046e-006 -1.82085e-005 -2.38788e-005 -1.18567e-005  1.70662e-005  6.18305e-005   0.000122933   0.000180456   0.000200053   0.000173336   0.000128817  9.69514e-005  9.10949e-005   0.000122175   0.000224654   0.000434914   0.000556221   0.000328118   0.000113887  4.03233e-005  2.29665e-005  2.80794e-005  8.22782e-005   0.000675857      0.315092             0
      7.89394        14.478       99.3227       753.601       836.474       591.385       365.554       295.212       337.942       427.914       503.853       595.493       776.133       1082.87       1461.45       1705.68       1516.11       1008.81       627.196        485.32       549.064       875.918       1477.44       1724.37       902.453       293.477       94.8071       50.2422       57.7721        160.92       1099.92 -6.48491e-007 -1.57439e-006 -1.33602e-005  -0.000101704 -5.94587e-005 -1.14576e-005 -2.99057e-006 -6.76552e-006 -1.38637e-005 -1.83178e-005 -1.02928e-005  9.80777e-006   4.1342e-005  8.51606e-005   0.000127745   0.000144468   0.000128431  9.87912e-005   7.7258e-005  7.55131e-005   0.000105635   0.000203869   0.000418006   0.000570913   0.000361055   0.000134037  5.03973e-005  3.02022e-005  3.84937e-005   0.000116605    0.00107332       1.78359             0
      3.49412       6.40927       43.9775        333.75       370.548       262.106       162.147       131.103       150.332       190.785       225.301         267.3       350.133       491.698       669.127       789.038       710.109       479.422       303.049       238.876       275.758       447.891       784.048       902.453       517.932       149.926       56.6928       28.8786       33.6184       94.6099       672.751 -2.20007e-007 -5.33052e-007 -4.51927e-006 -3.44245e-005 -2.02522e-005 -4.03279e-006  -1.1242e-006  -2.3943e-006 -4.84498e-006 -6.44923e-006 -3.81726e-006  2.96353e-006  1.37243e-005   2.8891e-005  4.39817e-005  5.04591e-005  4.56918e-005  3.60361e-005  2.90095e-005  2.92655e-005   4.2472e-005  8.58771e-005   0.000186825     0.0002734   0.000185753  7.37307e-005  2.93735e-005  1.84654e-005  2.44601e-005  7.63999e-005   0.000781579      0.929306             0
     0.947536       1.73824       11.9287       90.5438       100.546       71.1481       44.0414       35.6422       40.9225       52.0234       61.5737        73.267       96.3429       135.981       186.252       221.416        201.24       137.456       88.0662       70.4864       82.7647       136.923       243.405       293.477       149.926       71.2133       6.05268       12.7919       11.5662       32.9089       244.947 -4.50615e-008 -1.09338e-007 -9.27986e-007 -7.07234e-006 -4.15308e-006 -8.17636e-007 -2.24828e-007 -4.91581e-007 -1.00373e-006 -1.34542e-006 -8.09759e-007  5.94889e-007  2.84594e-006  6.05607e-006  9.30999e-006  1.07969e-005  9.91033e-006   7.9567e-006  6.54323e-006  6.76696e-006  1.01353e-005  2.14042e-005  4.93148e-005  7.71012e-005  5.59816e-005  2.35942e-005  9.89003e-006  6.48315e-006  8.88493e-006  2.85212e-005    0.00032203      -0.27479             0
      0.27177      0.498597       3.42201       25.9777       28.8518       20.4218       12.6472       10.2424       11.7713       14.9841       17.7654       21.1869       27.9427        39.593       54.5034       65.2045       59.7226       41.1713       26.6637       21.6076       25.7299       43.2291       78.1171       94.8071       56.6928       6.05268       24.0521      -8.52101       7.05395       11.7221       92.1388 -9.72921e-009 -2.36592e-008 -2.01097e-007 -1.53321e-006  -8.9693e-007 -1.72699e-007 -4.58581e-008 -1.05192e-007 -2.17733e-007 -2.93548e-007 -1.77569e-007  1.30175e-007   6.2728e-007   1.3429e-006  2.07909e-006  2.43162e-006  2.25558e-006  1.83539e-006  1.53408e-006  1.61835e-006  2.49031e-006  5.47044e-006  1.32822e-005  2.20264e-005  1.69359e-005  7.50937e-006  3.28613e-006  2.23308e-006  3.15327e-006  1.03751e-005   0.000128909     -0.500867             0
     0.129799      0.238147       1.63461       12.4101       13.7847       9.75915       6.04599       4.89897       5.63447       7.17949       8.52327       10.1823       13.4598       19.1289        26.435       31.7804       29.2843       20.3344       13.2819       10.8707       13.0928       22.2783       40.8121       50.2422       28.8786       12.7919      -8.52101       19.8066      -9.61299       9.73496       56.7204 -3.49854e-009 -8.52558e-009 -7.25643e-008 -5.53421e-007 -3.22508e-007 -6.06917e-008  -1.5493e-008 -3.74002e-008 -7.84477e-008 -1.06252e-007 -6.43235e-008  4.78546e-008  2.30193e-007  4.94645e-007  7.69896e-007  9.06481e-007   8.4783e-007  6.97025e-007   5.8996e-007  6.32336e-007  9.95499e-007  2.26338e-006  5.75169e-006  1.00257e-005  8.08258e-006  3.73668e-006  1.69509e-006  1.18805e-006  1.72269e-006  5.79755e-006  7.93408e-005     -0.535377             0
       0.1374      0.252104       1.73051       13.1392       14.5957       10.3351       6.40453       5.19158       5.97441       7.61845       9.05343       10.8299       14.3408       20.4278       28.3143       34.1684       31.6319       22.0885       14.5244       11.9814       14.5623       25.0342       46.3764       57.7721       33.6184       11.5662       7.05395      -9.61299       20.7366      -3.53018       79.4563 -2.79063e-009 -6.81316e-009 -5.80583e-008 -4.42896e-007 -2.57197e-007 -4.73826e-008 -1.16262e-008 -2.94929e-008 -6.26058e-008  -8.5104e-008 -5.14571e-008  3.90891e-008  1.86986e-007   4.0274e-007  6.29372e-007  7.44929e-007  7.01245e-007  5.81079e-007  4.96607e-007  5.39034e-007  8.64795e-007  2.02426e-006   5.3439e-006  9.70225e-006  8.12645e-006   3.8866e-006   1.8166e-006  1.30743e-006  1.94094e-006  6.66931e-006   0.000101019     -0.795811             0
     0.358556      0.657907       4.51627       34.2925       38.0965       26.9791       16.7221       13.5592       15.6106       19.9178       23.6875        28.364       37.6091       53.6665       74.5554       90.2315       83.8338       58.7962       38.8634       32.2567       39.4878       68.4412       127.936        160.92       94.6099       32.9089       11.7221       9.73496      -3.53018       40.0676       246.126 -5.49514e-009  -1.3436e-008 -1.14604e-007  -8.7441e-007 -5.06354e-007 -9.16657e-008 -2.17259e-008 -5.75209e-008 -1.23292e-007 -1.68069e-007 -1.01471e-007    7.852e-008   3.7362e-007  8.06062e-007  1.26354e-006  1.50168e-006  1.42076e-006  1.18449e-006  1.01992e-006  1.11815e-006  1.82173e-006   4.3677e-006  1.18939e-005  2.23096e-005  1.92626e-005  9.46767e-006  4.53575e-006  3.33899e-006  5.06107e-006  1.77264e-005   0.000299866      -1.73397             0
       1.9651       3.60609       24.7581       188.024       208.924       148.014       91.8011         74.51       85.8993       109.801       130.898        157.24       209.374       300.446       420.452       513.626       482.783       343.435       230.926       195.647       245.412       437.517       844.198       1099.92       672.751       244.947       92.1388       56.7204       79.4563       246.126       8067.27             0             0             0             0             0             0             0             0             0             0             0             0             0             0             0             0             0             0             0             0             0             0             0             0             0             0             0             0             0             0             0       2.21245             0
 1.43509e-005   0.000533585    0.00494351     0.0248853   -0.00397401   -0.00885097   -0.00371006   -0.00143458  -0.000749038  -0.000544176    -0.0004536  -0.000370882  -0.000298949  -0.000229856  -0.000154597 -8.39836e-005  -3.4412e-005 -1.10525e-005 -3.51743e-006 -1.46472e-006 -9.32048e-007 -8.69372e-007 -9.04434e-007 -6.48491e-007 -2.20007e-007 -4.50615e-008 -9.72921e-009 -3.49854e-009 -2.79063e-009 -5.49514e-009             0  1.21732e-005 -1.83502e-006  2.69637e-006  1.50199e-005  1.18112e-005  5.42783e-006  2.09406e-006  1.00375e-006  6.44078e-007  4.35166e-007   2.6321e-007  1.55471e-007   9.9443e-008  6.73571e-008  4.39195e-008  2.47909e-008  1.07434e-008  3.54197e-009  1.11756e-009   4.5231e-010  2.77013e-010  2.47337e-010  2.46086e-010  1.70658e-010   5.7348e-011  1.18052e-011  2.56998e-012  9.31572e-013  7.48373e-013  1.48202e-012             0             0  -0.000244604
 -0.000588586  -0.000162929    0.00233101    0.00949118     -0.028781    -0.0248744    -0.0103357   -0.00448788   -0.00264018   -0.00187724   -0.00136824  -0.000998868  -0.000754223  -0.000563158  -0.000377427  -0.000207844 -8.67077e-005 -2.81123e-005 -8.93914e-006 -3.69749e-006 -2.33065e-006 -2.15052e-006  -2.2131e-006 -1.57439e-006 -5.33052e-007 -1.09338e-007 -2.36592e-008 -8.52558e-009 -6.81316e-009  -1.3436e-008             0 -1.83502e-006  5.52112e-006  1.92356e-006  2.45393e-005  1.94681e-005  9.14269e-006  3.62666e-006  1.78362e-006  1.16846e-006  8.02212e-007  4.91448e-007  2.93409e-007  1.89386e-007   1.2924e-007   8.4755e-008  4.80401e-008  2.08813e-008  6.90064e-009  2.18158e-009  8.84412e-010  5.42404e-010  4.84875e-010  4.82912e-010  3.35159e-010   1.1268e-010  2.32012e-011  5.05166e-012  1.83132e-012  1.47128e-012  2.91375e-012             0             0   -0.00048775
  -0.00562717   -0.00526986    -0.0131264      -0.09847     -0.280669     -0.201508     -0.085291    -0.0395253    -0.0246602    -0.0176841    -0.0124201   -0.00870311   -0.00640006   -0.00472658   -0.00317415    -0.0017672  -0.000746542  -0.000243769 -7.75929e-005  -3.2012e-005 -2.00885e-005 -1.84339e-005 -1.88605e-005 -1.33602e-005 -4.51927e-006 -9.27986e-007 -2.01097e-007 -7.25643e-008 -5.80583e-008 -1.14604e-007             0  2.69637e-006  1.92356e-006  2.88307e-005   0.000140652   0.000115978  5.61649e-005  2.30466e-005   1.1696e-005  7.86785e-006  5.51868e-006  3.44008e-006  2.08364e-006  1.36116e-006  9.38006e-007  6.19867e-007  3.53374e-007  1.54261e-007  5.11498e-008  1.62141e-008  6.58744e-009  4.04713e-009  3.62307e-009  3.61267e-009  2.50961e-009  8.44231e-010  1.73895e-010  3.78721e-011  1.37318e-011  1.10335e-011  2.18531e-011             0             0   -0.00271496
   -0.0279996    -0.0275778    -0.0751079     -0.576437      -1.63092      -1.21429     -0.534115     -0.256634     -0.165323     -0.121731    -0.0873182    -0.0622387    -0.0464096    -0.0346637    -0.0234922    -0.0131757   -0.00559827   -0.00183607  -0.000586353    -0.0002425  -0.000152453  -0.000140084  -0.000143467  -0.000101704 -3.44245e-005 -7.07234e-006 -1.53321e-006 -5.53421e-007 -4.42896e-007  -8.7441e-007             0  1.50199e-005  2.45393e-005   0.000140652   0.000887063   0.000745013   0.000377318   0.000160325  8.39345e-005  5.80718e-005  4.17422e-005  2.65592e-005  1.63574e-005  1.08289e-005  7.54159e-006   5.0255e-006  2.88389e-006  1.26544e-006   4.2126e-007   1.3394e-007   5.4542e-008  3.35671e-008  3.00891e-008   3.0032e-008  2.08778e-008  7.02738e-009  1.44817e-009  3.15506e-010  1.14429e-010  9.19629e-011  1.82172e-010             0             0   -0.00509639
   0.00623757     0.0217239      0.186962       1.12135      0.156149     -0.224963     -0.118609    -0.0470166     -0.023945    -0.0212244    -0.0239154    -0.0238273    -0.0216024     -0.017844    -0.0125182   -0.00695223   -0.00288365  -0.000937671  -0.000302876   -0.00012807  -8.2679e-005 -7.81395e-005 -8.22312e-005 -5.94587e-005 -2.02522e-005 -4.15308e-006  -8.9693e-007 -3.22508e-007 -2.57197e-007 -5.06354e-007             0  1.18112e-005  1.94681e-005   0.000115978   0.000745013   0.000685338   0.000361899   0.000160675  8.67102e-005  6.17931e-005  4.56979e-005  2.98127e-005  1.87313e-005   1.2587e-005  8.86352e-006  5.95741e-006  3.44308e-006  1.51969e-006  5.08171e-007  1.62093e-007  6.61528e-008  4.07733e-008  3.65822e-008  3.65315e-008  2.54054e-008  8.55549e-009  1.76404e-009  3.84506e-010  1.39508e-010  1.12153e-010  2.22221e-010             0             0    0.00195933
    0.0113567     0.0229858      0.161629       1.05134      0.658231      0.236024     0.0974971     0.0616404     0.0498139     0.0357953     0.0180118    0.00612197   0.000561218   -0.00140296   -0.00137415  -0.000649841  -0.000176099 -4.40005e-005 -1.74103e-005 -1.04484e-005 -9.17557e-006 -1.10979e-005 -1.41101e-005 -1.14576e-005 -4.03279e-006 -8.17636e-007 -1.72699e-007 -6.06917e-008 -4.73826e-008 -9.16657e-008             0  5.42783e-006  9.14269e-006  5.61649e-005   0.000377318   0.000361899   0.000211328  9.33192e-005  5.39838e-005  4.01549e-005  3.09161e-005  2.09057e-005  1.35358e-005  9.31735e-006  6.68595e-006  4.56079e-006  2.66714e-006  1.18831e-006  4.00269e-007  1.28384e-007   5.2613e-008  3.25275e-008  2.92493e-008  2.92556e-008    2.037e-008  6.86681e-009  1.41708e-009  3.09094e-010  1.12207e-010  9.02435e-011  1.78866e-010             0             0     0.0032099
   0.00479076    0.00892312     0.0604004      0.412359      0.326318      0.153165     0.0683163     0.0412828     0.0328113     0.0247836     0.0142895    0.00665674      0.002674   0.000875196   0.000300259   0.000228055   0.000155863   5.8878e-005  1.63062e-005   4.4895e-006  1.02692e-006 -8.89824e-007 -2.79841e-006 -2.99057e-006  -1.1242e-006 -2.24828e-007 -4.58581e-008  -1.5493e-008 -1.16262e-008 -2.17259e-008             0  2.09406e-006  3.62666e-006  2.30466e-005   0.000160325   0.000160675  9.33192e-005  5.13814e-005  2.53689e-005  2.16995e-005  1.75179e-005  1.23621e-005  8.30655e-006  5.89918e-006  4.34286e-006  3.02396e-006  1.79744e-006  8.11155e-007  2.75991e-007  8.92196e-008  3.67863e-008    2.285e-008  2.06216e-008  2.06836e-008  1.44322e-008  4.87292e-009  1.00682e-009  2.19806e-010  7.98489e-011  6.42525e-011  1.27401e-010             0             0    0.00133593
   0.00192306    0.00313868     0.0193679      0.139522      0.147058     0.0847066     0.0389936     0.0225833     0.0175548     0.0134346     0.0079025    0.00359168    0.00116595  5.83967e-006  -0.000312587  -0.000204963 -7.22514e-005 -2.47589e-005 -1.12028e-005 -6.71767e-006 -5.74074e-006 -6.75697e-006 -8.41046e-006 -6.76552e-006  -2.3943e-006 -4.91581e-007 -1.05192e-007 -3.74002e-008 -2.94929e-008 -5.75209e-008             0  1.00375e-006  1.78362e-006   1.1696e-005  8.39345e-005  8.67102e-005  5.39838e-005  2.53689e-005  2.21406e-005  1.20452e-005  1.22608e-005   9.0815e-006  6.37118e-006  4.69675e-006  3.56787e-006  2.54904e-006  1.54675e-006  7.09542e-007  2.44556e-007  7.98641e-008  3.31913e-008  2.07447e-008  1.88118e-008  1.89389e-008  1.32526e-008  4.48419e-009  9.27959e-010   2.0283e-010  7.37479e-011  5.93832e-011  1.17807e-010             0             0  -0.000202891
   0.00106089    0.00124717    0.00494132     0.0407481     0.0905088     0.0691188     0.0328435     0.0176327     0.0127695     0.0096623    0.00580522    0.00254836   0.000483883  -0.000628153  -0.000923975  -0.000674787  -0.000322852  -0.000120014 -4.47023e-005  -2.1535e-005 -1.55215e-005  -1.6072e-005 -1.82085e-005 -1.38637e-005 -4.84498e-006 -1.00373e-006 -2.17733e-007 -7.84477e-008 -6.26058e-008 -1.23292e-007             0  6.44078e-007  1.16846e-006  7.86785e-006  5.80718e-005  6.17931e-005  4.01549e-005  2.16995e-005  1.20452e-005  1.73432e-005   9.0022e-006  8.87652e-006  6.53674e-006  5.02968e-006  3.96369e-006  2.92002e-006  1.81683e-006   8.5041e-007  2.97852e-007  9.85103e-008  4.13496e-008  2.60447e-008  2.37605e-008  2.40327e-008  1.68772e-008  5.72602e-009  1.18735e-009  2.59924e-010  9.46167e-011  7.62543e-011  1.51377e-010             0             0  -0.000986302
   0.00079024   0.000546887   -0.00106733   -0.00136599     0.0765203     0.0748457     0.0375709     0.0198204     0.0139735     0.0109945    0.00757247    0.00431683    0.00191248   0.000305871  -0.000480484   -0.00055134   -0.00032023  -0.000133771 -5.34457e-005 -2.68415e-005 -1.98418e-005  -2.0869e-005 -2.38788e-005 -1.83178e-005 -6.44923e-006 -1.34542e-006 -2.93548e-007 -1.06252e-007  -8.5104e-008 -1.68069e-007             0  4.35166e-007  8.02212e-007  5.51868e-006  4.17422e-005  4.56979e-005  3.09161e-005  1.75179e-005  1.22608e-005   9.0022e-006  1.55588e-005  6.58927e-006  6.94639e-006    5.605e-006  4.60501e-006  3.51526e-006  2.25306e-006  1.08058e-006  3.85978e-007  1.29672e-007  5.51063e-008  3.50464e-008  3.22135e-008  3.27721e-008  2.31175e-008  7.86995e-009  1.63615e-009  3.58882e-010  1.30836e-010  1.05565e-010  2.09747e-010             0             0   -0.00107598
   0.00064872   0.000294176   -0.00292042    -0.0152329     0.0706964     0.0784274     0.0417385     0.0230065     0.0170362     0.0146225     0.0116932    0.00841395    0.00566813     0.0034492    0.00177601   0.000759256   0.000252745  5.67251e-005   6.8094e-006 -2.66733e-006 -5.33528e-006 -8.30895e-006 -1.18567e-005 -1.02928e-005 -3.81726e-006 -8.09759e-007 -1.77569e-007 -6.43235e-008 -5.14571e-008 -1.01471e-007             0   2.6321e-007  4.91448e-007  3.44008e-006  2.65592e-005  2.98127e-005  2.09057e-005  1.23621e-005   9.0815e-006  8.87652e-006  6.58927e-006  1.25457e-005  4.05211e-006  5.44787e-006  4.68862e-006  3.72786e-006  2.47412e-006  1.22183e-006   4.4707e-007  1.53151e-007  6.61026e-008  4.25575e-008  3.94933e-008  4.04772e-008  2.87165e-008  9.81917e-009   2.0483e-009  4.50448e-010  1.64542e-010  1.32961e-010  2.64483e-010             0             0  -0.000524626
  0.000523384   0.000156551   -0.00347021     -0.020269     0.0624288     0.0750229     0.0417749     0.0240174     0.0186902     0.0172431     0.0152614     0.0124865    0.00988417    0.00740284    0.00493747    0.00278869    0.00122196   0.000404447   0.000124368  4.73832e-005  2.63612e-005  2.05357e-005  1.70662e-005  9.80777e-006  2.96353e-006  5.94889e-007  1.30175e-007  4.78546e-008  3.90891e-008    7.852e-008             0  1.55471e-007  2.93409e-007  2.08364e-006  1.63574e-005  1.87313e-005  1.35358e-005  8.30655e-006  6.37118e-006  6.53674e-006  6.94639e-006  4.05211e-006  1.02811e-005  2.62213e-006   4.5124e-006  3.75709e-006  2.59718e-006  1.32841e-006  5.00649e-007  1.75733e-007  7.73589e-008  5.05933e-008  4.75358e-008  4.91938e-008  3.51635e-008  1.20936e-008  2.53404e-009  5.59181e-010  2.04797e-010  1.65821e-010  3.30351e-010             0             0   0.000117678
  0.000423124  2.82731e-005   -0.00412758     -0.026082     0.0541023      0.070816     0.0406993     0.0239018     0.0190678     0.0184789     0.0176637     0.0158209     0.0138042      0.011443    0.00842261    0.00517741    0.00243376   0.000863842   0.000287227   0.000119465  7.34344e-005  6.43968e-005  6.18305e-005   4.1342e-005  1.37243e-005  2.84594e-006   6.2728e-007  2.30193e-007  1.86986e-007   3.7362e-007             0   9.9443e-008  1.89386e-007  1.36116e-006  1.08289e-005   1.2587e-005  9.31735e-006  5.89918e-006  4.69675e-006  5.02968e-006    5.605e-006  5.44787e-006  2.62213e-006  9.44393e-006  2.15007e-006  3.95284e-006  2.86296e-006  1.52626e-006  5.96151e-007  2.15648e-007  9.73115e-008  6.49309e-008  6.19897e-008   6.4965e-008  4.68959e-008  1.62523e-008  3.42557e-009  7.59349e-010  2.79076e-010  2.26566e-010  4.52284e-010             0             0   0.000592907
