IGOR
WAVES/D/O/N=(64, 64)	Hess
BEGIN
      52.5768       37.4149       213.627       1638.43        4117.6       2534.46        1134.6       571.692        366.49       299.202       270.945       244.361       220.899       204.653       184.136       145.455       87.2401       34.9057       11.9727       5.50467       4.54248       6.72346       12.0589       11.4117       3.28025      0.573298      0.127063     0.0561939     0.0640992       0.20665       1.60402  5.54274e-006  -0.000251602   -0.00166491    -0.0136436   -0.00936364     0.0080714    0.00522182    0.00233778    0.00117808   0.000750482   0.000549189   0.000413631   0.000314153   0.000240027   0.000173526   0.000109818  5.53153e-005  1.98677e-005  6.31048e-006  2.69902e-006  2.06982e-006  2.84563e-006   4.7347e-006  4.12912e-006  1.09047e-006  1.77219e-007  3.70594e-008  1.56583e-008  1.72374e-008   5.4065e-008  3.83591e-007      0.410706             0
      37.4149       96.8105       283.657       2315.03       5835.74       3608.12       1626.84       825.945       533.051       437.586       397.993       360.175       326.475       303.115       273.193        216.09       129.734       51.9462       17.8275       8.20002       6.76894       10.0215       17.9779       17.0158       4.89173      0.855027      0.189518     0.0838197     0.0956155      0.308266         2.393   0.000227362 -5.30574e-005   -0.00129073    -0.0130062   -0.00385015     0.0144531    0.00801592    0.00332174    0.00149281   0.000784875   0.000422442   0.000188449  2.88854e-005   -8.872e-005  -0.000171716  -0.000194204  -0.000140473 -6.20727e-005 -2.26936e-005 -1.09668e-005 -9.43306e-006 -1.44582e-005 -2.67221e-005 -2.59921e-005 -7.65617e-006 -1.36353e-006 -3.06441e-007 -1.36925e-007 -1.57386e-007 -5.10301e-007 -4.03069e-006      -1.48889             0
      213.627       283.657       1218.67       9575.47         24374       15183.3       6912.24       3543.67        2307.1        1907.9       1745.68        1587.4        1444.4       1345.16       1215.33       963.133       579.072       232.114       79.7251       36.6939       30.3049       44.8838       80.5422       76.2496       21.9245       3.83273      0.849623      0.375799      0.428711       1.38224       10.7316     0.0014675   0.000649273   -0.00190493    -0.0318935     0.0172514     0.0711385     0.0360005     0.0141029    0.00564654    0.00219403   0.000282619   -0.00094087   -0.00174365   -0.00233591   -0.00266566   -0.00246564   -0.00163197  -0.000693135  -0.000247683  -0.000117574 -9.95854e-005  -0.000150604  -0.000275045  -0.000264486  -7.7094e-005 -1.36203e-005 -3.04316e-006 -1.35395e-006 -1.55136e-006 -5.01832e-006 -3.93585e-005      -3.68905             0
      1638.43       2315.03       9575.47       77490.2        199199        125585       57879.4       30020.7       19752.2       16484.8       15200.1       13909.9       12722.2       11897.3       10784.5       8568.82       5162.22       2072.37       712.637        328.29       271.317       402.056        721.77       683.521       196.585       34.3726       7.62067       3.37109       3.84605       12.4011       96.2999     0.0119968    0.00739407    -0.0027706     -0.163701      0.262961      0.613604        0.3056         0.119     0.0455162     0.0140282   -0.00451273    -0.0166974    -0.0247836    -0.0308655    -0.0339894    -0.0308586    -0.0202565   -0.00858022   -0.00306284   -0.00145254   -0.00122898   -0.00185646   -0.00338629   -0.00325182  -0.000946544  -0.000167046 -3.72932e-005 -1.65828e-005 -1.89927e-005 -6.14182e-005  -0.000481253       4.07966             0
       4117.6       5835.74         24374        199199        522315        336325        157541       82728.2       55011.2       46350.4       43099.3       39725.7       36549.6         34342       31245.9       24898.9       15035.1       6047.06       2082.44       960.378       794.374        1177.9       2115.55       2004.13       576.548       100.827       22.3575       9.89118       11.2857       36.3917       282.655    0.00894492   -0.00463736    -0.0800819     -0.874125     -0.386949       1.08972      0.688274       0.31577      0.154853     0.0878585     0.0506409     0.0242293    0.00456877    -0.0110751     -0.022881     -0.026678    -0.0196677   -0.00880317   -0.00324907   -0.00158181   -0.00136859   -0.00210745    -0.0039095   -0.00381423   -0.00112627   -0.00020096 -4.52274e-005   -2.023e-005 -2.32714e-005 -7.54991e-005   -0.00059745       3.53656             0
      2534.46       3608.12       15183.3        125585        336325        222041        106130       56677.3       38253.1       32678.5       30769.4       28673.1         26624       25202.8       23066.6       18467.4       11193.5       4515.57       1558.72       720.152       596.489       885.388       1591.42       1508.46       434.133       75.9456       16.8442       7.45339       8.50542       27.4293       213.115   -0.00627413    -0.0164285    -0.0949308     -0.850561      -1.02185      0.278107      0.330105      0.193491      0.123312      0.098745      0.089822     0.0824489     0.0750442     0.0683614     0.0592489     0.0449872     0.0264491     0.0105933     0.0036529     0.0016811    0.00138207    0.00203134    0.00360881    0.00337239   0.000955923   0.000165156  3.62873e-005   1.5944e-005  1.80986e-005  5.81357e-005   0.000446187      -1.71356             0
       1134.6       1626.84       6912.24       57879.4        157541        106130       51827.7       28220.3       19437.8       16921.9       16217.9         15354       14452.3       13837.2       12782.2       10310.2       6286.65       2548.19       882.886       409.081       339.583       504.904        908.69        862.15       248.305       43.4613       9.64344        4.2685       4.87216       15.7152       122.172   -0.00418433   -0.00862734    -0.0459716     -0.407879     -0.588476     0.0296817      0.118717     0.0829136     0.0604848     0.0549833     0.0559722     0.0564389     0.0555956     0.0543118     0.0501689     0.0402525     0.0246557     0.0101432    0.00356537    0.00166697     0.0013894    0.00206686    0.00371171    0.00350432    0.00100284   0.000174594  3.85857e-005  1.70291e-005  1.93951e-005   6.2458e-005   0.000483174     -0.810189             0
      571.692       825.945       3543.67       30020.7       82728.2       56677.3       28220.3       15740.8       11067.9       9874.84       9674.75        9349.2       8961.27       8714.16       8154.67       6647.57       4088.09       1668.33       581.129       270.385       225.172       335.622       605.173       575.008       165.788       29.0426       6.44824       2.85558       3.26064       10.5202        81.858   -0.00186199   -0.00378366    -0.0203395     -0.185156     -0.286227   0.000153155     0.0520565     0.0394412      0.030375     0.0289471     0.0307746     0.0322493     0.0327925     0.0328246     0.0308631     0.0250962      0.015553    0.00646779    0.00229367    0.00107947   0.000903927    0.00134899    0.00242758    0.00229444   0.000656881    0.00011439  2.52852e-005  1.11608e-005  1.27131e-005  4.09438e-005   0.000316843     -0.322066             0
       366.49       533.051        2307.1       19752.2       55011.2       38253.1       19437.8       11067.9       8021.75       7316.53        7376.3       7307.21       7166.14       7109.72       6767.76       5595.71       3481.15       1433.84       503.117       235.434       196.942       294.558        532.54       507.026       146.415       25.6794       5.70669       2.52894       2.88917       9.32542       72.6531  -0.000922506   -0.00192029    -0.0106061    -0.0996857     -0.159922   -0.00118446     0.0301271     0.0236031     0.0185737     0.0180298     0.0195781     0.0209964     0.0217821     0.0220898     0.0208873     0.0170219     0.0106002    0.00444606    0.00158961   0.000752322   0.000631981   0.000944401    0.00169926    0.00160347   0.000457911  7.95666e-005  1.75584e-005  7.74058e-006  8.80892e-006  2.83503e-005   0.000218919     -0.368833             0
      299.202       437.586        1907.9       16484.8       46350.4       32678.5       16921.9       9874.84       7316.53       6919.15       7147.68       7307.04       7361.99       7485.64       7279.24       6128.08       3869.51       1613.14        571.51        269.48       226.767       340.738       618.236       590.237       170.804       30.0052       6.67623       2.96137       3.38563       10.9338         85.33  -0.000574366     -0.001223   -0.00691969    -0.0668876     -0.110679   -0.00135013     0.0217469     0.0175254     0.0140398     0.0138292     0.0152962      0.016777     0.0177628     0.0182416      0.017304     0.0140841    0.00880126    0.00372976    0.00134767   0.000642396   0.000541652   0.000810292     0.0014564    0.00136969   0.000389296  6.73635e-005  1.48179e-005  6.51667e-006  7.40256e-006  2.37914e-005   0.000182931      0.079733             0
      270.945       397.993       1745.68       15200.1       43099.3       30769.4       16217.9       9674.75        7376.3       7147.68       7678.59       8064.21       8396.69        8782.1       8759.62       7537.78       4848.23       2052.07       735.999       350.457       297.196        449.27       818.988       784.733       227.721       40.0894       8.93457       3.96805       4.54083       14.6751       114.791  -0.000409878  -0.000878545   -0.00503842    -0.0497136    -0.0851242   -0.00255114     0.0164818     0.0138332     0.0113556     0.0114215     0.0129563     0.0146471     0.0159606     0.0167337     0.0160324     0.0131013     0.0082618    0.00356204    0.00130923   0.000631763   0.000536628   0.000805604    0.00144844    0.00135807   0.000383971  6.61248e-005  1.44909e-005  6.35463e-006  7.20278e-006  2.31111e-005   0.000176779      0.301002             0
      244.361       360.175        1587.4       13909.9       39725.7       28673.1         15354        9349.2       7307.21       7307.04       8064.21       8814.45       9445.29       10213.7       10484.7        9257.4       6087.76       2625.19       956.114       460.954        394.79       601.481       1103.17       1062.05       309.326        54.609       12.1968       5.42582       6.21687        20.111       157.791  -0.000300675  -0.000639502   -0.00368184    -0.0368254    -0.0654281   -0.00395262      0.011684     0.0103521     0.0087484     0.0090292     0.0105757      0.012432     0.0140895     0.0152574     0.0149432     0.0124058    0.00798946    0.00354645    0.00133997   0.000660279   0.000569004    0.00086208    0.00155739    0.00146071   0.000411834  7.07109e-005  1.54585e-005  6.76628e-006  7.65843e-006  2.45466e-005   0.000187115     0.0421503             0
      220.899       326.475        1444.4       12722.2       36549.6         26624       14452.3       8961.27       7166.14       7361.99       8396.69       9445.29       10531.1       11733.7       12453.5       11320.4       7640.74       3369.72        1250.7       612.447       531.196       817.491       1511.31       1464.05       428.471       75.9255       17.0065       7.58209       8.70212       28.1867       222.058  -0.000221305  -0.000465692   -0.00268239     -0.027091    -0.0497552   -0.00455798    0.00797244    0.00747873    0.00648611    0.00684799    0.00827438     0.0101384     0.0120124     0.0135327     0.0136637     0.0116348    0.00774172    0.00358454    0.00140892   0.000716057   0.000631221   0.000971695    0.00177349    0.00167124   0.000471477  8.09222e-005   1.7684e-005    7.738e-006  8.75625e-006  2.80605e-005   0.000213792     -0.199875             0
      204.653       303.115       1345.16       11897.3         34342       25202.8       13837.2       8714.16       7109.72       7485.64        8782.1       10213.7       11733.7       13593.1       14882.5       13989.9       9726.46       4404.88       1672.82       835.123       735.954        1147.3       2142.98       2092.89        616.41       109.769       24.6808       11.0359       12.6946       41.1893       326.279  -0.000161857  -0.000339498   -0.00196168    -0.0199926    -0.0375716     -0.004169    0.00561827    0.00548881    0.00483351    0.00516443    0.00637433    0.00808788    0.00998779     0.0116949     0.0121723      0.010643     0.0073627    0.00359743    0.00148826   0.000787716   0.000715799    0.00112635     0.0020864    0.00198152   0.000560417  9.62791e-005  2.10524e-005  9.21605e-006  1.04324e-005  3.34411e-005   0.000255016     -0.123817             0
      184.136       273.193       1215.33       10784.5       31245.9       23066.6       12782.2       8154.67       6767.76       7279.24       8759.62       10484.7       12453.5       14882.5       16934.7       16440.7       11827.7       5521.01        2154.3       1100.95       989.504       1567.77       2966.97       2928.04       869.517       155.841       35.2155       15.8073       18.2372       59.3077       473.236   -0.00010968  -0.000232168   -0.00135372    -0.0139391    -0.0264575   -0.00295784    0.00405614    0.00399399    0.00352707    0.00376865    0.00468712    0.00608248    0.00775633    0.00937382    0.00999034    0.00891315    0.00641542    0.00334076    0.00147088   0.000818024   0.000771486     0.0012472    0.00235288    0.00225604   0.000639822       0.00011  2.40594e-005  1.05338e-005   1.1925e-005  3.82275e-005   0.000291533     -0.116646             0
      145.455        216.09       963.133       8568.82       24898.9       18467.4       10310.2       6647.57       5595.71       6128.08       7537.78        9257.4       11320.4       13989.9       16440.7       16595.4       12337.2        5965.7       2399.96        1260.6       1160.01       1874.57       3605.54       3605.04       1081.75       195.473        44.454       20.0533       23.2245       75.7486       610.163 -6.35418e-005  -0.000136655  -0.000806333   -0.00838869    -0.0159519   -0.00161774    0.00265097    0.00258363    0.00227795    0.00242582    0.00302183    0.00398098    0.00521108    0.00647846    0.00706027    0.00642532    0.00483172    0.00270629    0.00127907   0.000752714   0.000741128    0.00123711    0.00238691    0.00231862   0.000661121   0.000113954  2.49632e-005  1.09408e-005  1.23943e-005  3.97513e-005   0.000303523     0.0416157             0
      87.2401       129.734       579.072       5162.22       15035.1       11193.5       6286.65       4088.09       3481.15       3869.51       4848.23       6087.76       7640.74       9726.46       11827.7       12337.2       9553.34       4763.76       1990.47       1076.85       1018.19       1683.99       3302.21       3354.33       1019.38        186.07       42.6523       19.3597       22.5287       73.7508       601.205 -2.91773e-005 -6.28287e-005  -0.000371861   -0.00388842   -0.00746124  -0.000800394    0.00122391    0.00120926     0.0010711    0.00114298    0.00143585    0.00193462    0.00262015    0.00338658    0.00383749    0.00364718     0.0029273    0.00177946    0.00090538   0.000565651   0.000584329    0.00101341    0.00201473    0.00200146   0.000580027   0.000101211  2.23823e-005  9.88134e-006  1.12569e-005  3.62581e-005   0.000280659       1.00199             0
      34.9057       51.9462       232.114       2072.37       6047.06       4515.57       2548.19       1668.33       1433.84       1613.14       2052.07       2625.19       3369.72       4404.88       5521.01        5965.7       4763.76       2494.64       1058.92        601.58       583.555       990.751       1986.51       2055.46       634.122       117.152       27.1126        12.399       14.5133       47.7267       394.847 -9.76153e-006 -2.04723e-005  -0.000119588   -0.00124624   -0.00245456  -0.000362014   0.000319115   0.000339866   0.000305132   0.000327393   0.000418642   0.000585889   0.000834343    0.00113945    0.00137068    0.00140024    0.00122939   0.000815862   0.000446365   0.000296253   0.000322162   0.000583711    0.00120442    0.00123536      0.000368  6.56855e-005   1.4792e-005  6.62464e-006  7.63188e-006   2.4797e-005   0.000197509      0.517184             0
      11.9727       17.8275       79.7251       712.637       2082.44       1558.72       882.886       581.129       503.117        571.51       735.999       956.114        1250.7       1672.82        2154.3       2399.96       1990.47       1058.92        493.98       266.607       281.389       486.932       1000.78       1057.43       331.931       62.1947       14.5575       6.71727       7.91811       26.1814       220.543 -2.92302e-006 -5.90807e-006 -3.38061e-005   -0.00034951  -0.000711849  -0.000144268  5.77969e-005  7.33816e-005  6.71771e-005  7.21033e-005   9.4104e-005   0.000138632   0.000210344   0.000306069   0.000393059   0.000434556    0.00042014   0.000304821   0.000179209   0.000126381   0.000144915   0.000275076   0.000591165   0.000628427    0.00019314  3.53856e-005  8.13935e-006  3.70755e-006  4.32891e-006  1.42137e-005   0.000117259     -0.408537             0
      5.50467       8.20002       36.6939        328.29       960.378       720.152       409.081       270.385       235.434        269.48       350.457       460.954       612.447       835.123       1100.95        1260.6       1076.85        601.58       266.607       182.008       162.128        313.41       655.987        709.33       227.054       43.2376       10.2543       4.78181        5.6839       18.9173       162.878 -1.17305e-006 -2.29244e-006 -1.28536e-005   -0.00013175  -0.000276986 -7.06356e-005   9.4153e-006  1.88725e-005  1.77444e-005  1.87798e-005  2.49994e-005  3.95263e-005  6.49925e-005   0.000101367   0.000138634   0.000165116   0.000175742   0.000139596  8.82239e-005  6.61279e-005  8.00421e-005   0.000159508   0.000358043   0.000395612   0.000125798  2.37325e-005  5.59506e-006    2.601e-006  3.08756e-006  1.02732e-005  8.87819e-005     -0.771011             0
      4.54248       6.76894       30.3049       271.317       794.374       596.489       339.583       225.172       196.942       226.767       297.196        394.79       531.196       735.954       989.504       1160.01       1018.19       583.555       281.389       162.128       201.028       333.075       748.447       826.734       270.386        52.433       12.6233       5.95875       7.15233        23.989       212.031 -8.34845e-007 -1.58646e-006 -8.73725e-006 -8.88352e-005  -0.000192005 -5.76535e-005 -1.40808e-006  7.11811e-006  7.03496e-006  7.06326e-006  9.61555e-006  1.73092e-005  3.22237e-005    5.475e-005  7.97349e-005   0.000102006   0.000120127   0.000105026   7.1456e-005  5.69407e-005  7.28212e-005    0.00015272   0.000359557   0.000415364   0.000137671  2.69829e-005  6.58246e-006  3.15218e-006  3.83687e-006  1.30333e-005   0.000121549      -1.03181             0
      6.72346       10.0215       44.8838       402.056        1177.9       885.388       504.904       335.622       294.558       340.738        449.27       601.481       817.491        1147.3       1567.77       1874.57       1683.99       990.751       486.932        313.41       333.075       672.551       1455.68       1670.54       558.169       110.406       27.0271       12.9343       15.6985       53.1219       484.127 -1.05106e-006 -1.95228e-006 -1.05883e-005  -0.000106876  -0.000236501 -8.00323e-005 -1.00446e-005  2.45307e-006  3.01754e-006  2.20398e-006  3.22028e-006   9.6106e-006   2.3931e-005  4.66567e-005  7.31445e-005   0.000101142   0.000134305   0.000130848  9.61181e-005  8.14366e-005    0.00011011    0.00024375   0.000605879   0.000739556   0.000259206  5.36707e-005  1.37802e-005  6.90514e-006  8.73598e-006  3.06367e-005   0.000320832      -1.15765             0
      12.0589       17.9779       80.5422        721.77       2115.55       1591.42        908.69       605.173        532.54       618.236       818.988       1103.17       1511.31       2142.98       2966.97       3605.54       3302.21       1986.51       1000.78       655.987       748.447       1455.68       3380.85       3918.23       1348.88        271.89       67.7555       32.9124       40.4368       138.186       1303.85 -1.57215e-006 -2.86984e-006 -1.53769e-005  -0.000154294  -0.000347882  -0.000128136 -2.44344e-005 -3.79404e-006 -2.25561e-006 -4.57259e-006 -5.85042e-006 -6.58546e-007  1.44562e-005  3.96234e-005  6.95364e-005   0.000106544   0.000166477   0.000184408   0.000146748   0.000132087   0.000188785   0.000442575    0.00117137    0.00153208     0.0005781   0.000128805  3.53696e-005  1.87801e-005  2.49241e-005  9.08346e-005    0.00108515      0.736032             0
      11.4117       17.0158       76.2496       683.521       2004.13       1508.46        862.15       575.008       507.026       590.237       784.733       1062.05       1464.05       2092.89       2928.04       3605.04       3354.33       2055.46       1057.43        709.33       826.734       1670.54       3918.23       4719.54        1639.4       342.943       86.3757        42.617       53.0444       183.204       1796.82 -1.18942e-006 -2.15197e-006 -1.14585e-005  -0.000114638  -0.000261167  -0.000100416  -2.2278e-005  -5.9027e-006   -4.522e-006 -6.84823e-006 -9.19906e-006 -7.46736e-006  6.88618e-007  1.48175e-005   3.1187e-005  5.44236e-005    0.00010416   0.000131904   0.000113047   0.000107446   0.000161775   0.000402211    0.00114183    0.00161895   0.000665717   0.000161011  4.74853e-005  2.67365e-005   3.7179e-005   0.000140531    0.00189276       3.28437             0
      3.28025       4.89173       21.9245       196.585       576.548       434.133       248.305       165.788       146.415       170.804       227.721       309.326       428.471        616.41       869.517       1081.75       1019.38       634.122       331.931       227.054       270.386       558.169       1348.88        1639.4       607.585       114.036       34.8379        16.143       20.3664       71.1394       728.592 -2.59973e-007 -4.70372e-007 -2.50518e-006 -2.50768e-005 -5.71989e-005 -2.20622e-005  -4.9458e-006 -1.35589e-006 -1.07203e-006 -1.63868e-006 -2.26784e-006 -2.06686e-006 -5.45601e-007  2.11691e-006  5.00626e-006  9.36256e-006  2.07832e-005  2.88934e-005  2.60939e-005  2.58554e-005  4.07138e-005   0.000107171   0.000327269   0.000504895   0.000226336  5.91589e-005  1.86025e-005   1.1022e-005  1.59508e-005  6.21925e-005   0.000929238      0.108202             0
     0.573298      0.855027       3.83273       34.3726       100.827       75.9456       43.4613       29.0426       25.6794       30.0052       40.0894        54.609       75.9255       109.769       155.841       195.473        186.07       117.152       62.1947       43.2376        52.433       110.406        271.89       342.943       114.036        42.549      -3.50705       6.21848         4.584        16.205       174.431 -3.40811e-008 -6.18082e-008 -3.29818e-007   -3.306e-006 -7.53035e-006 -2.88273e-006 -6.30901e-007 -1.64334e-007 -1.31251e-007 -2.09474e-007 -2.97869e-007 -2.79904e-007 -9.19359e-008  2.35866e-007  5.67185e-007  1.07398e-006  2.62192e-006  3.88056e-006  3.63758e-006  3.72395e-006  6.09961e-006   1.6958e-005  5.56074e-005  9.29022e-005  4.49753e-005   1.2552e-005  4.16083e-006  2.57073e-006  3.84613e-006  1.53977e-005   0.000252871     -0.742647             0
     0.127063      0.189518      0.849623       7.62067       22.3575       16.8442       9.64344       6.44824       5.70669       6.67623       8.93457       12.1968       17.0065       24.6808       35.2155        44.454       42.6523       27.1126       14.5575       10.2543       12.6233       27.0271       67.7555       86.3757       34.8379      -3.50705       17.6951      -9.56783        3.8995       4.52614       51.6783 -5.66871e-009 -1.03032e-008 -5.50762e-008 -5.52734e-007 -1.25717e-006 -4.77643e-007 -1.01955e-007 -2.50158e-008 -2.01031e-008 -3.35496e-008 -4.88193e-008 -4.65861e-008 -1.62807e-008  3.62774e-008  8.60293e-008   1.6212e-007  4.25861e-007  6.60992e-007  6.37662e-007  6.70467e-007  1.13707e-006  3.32483e-006  1.16328e-005  2.08259e-005  1.07432e-005  3.16059e-006  1.09334e-006  6.99412e-007  1.07679e-006   4.4137e-006  7.95054e-005     -0.518254             0
    0.0561939     0.0838197      0.375799       3.37109       9.89118       7.45339        4.2685       2.85558       2.52894       2.96137       3.96805       5.42582       7.58209       11.0359       15.8073       20.0533       19.3597        12.399       6.71727       4.78181       5.95875       12.9343       32.9124        42.617        16.143       6.21848      -9.56783       16.3244      -9.86792       5.08148       29.9932  -1.8857e-009 -3.43337e-009 -1.83788e-008  -1.8462e-007 -4.19416e-007 -1.58381e-007 -3.31089e-008 -7.69274e-009 -6.21176e-009   -1.079e-008 -1.59997e-008 -1.54255e-008 -5.54983e-009   1.1491e-008  2.67158e-008   4.9869e-008  1.39156e-007  2.24235e-007  2.21257e-007  2.37775e-007   4.1556e-007  1.27041e-006  4.69952e-006  8.90552e-006  4.83222e-006  1.48243e-006  5.30972e-007  3.49853e-007  5.52466e-007  2.31434e-006  4.58441e-005     -0.435309             0
    0.0640992     0.0956155      0.428711       3.84605       11.2857       8.50542       4.87216       3.26064       2.88917       3.38563       4.54083       6.21687       8.70212       12.6946       18.2372       23.2245       22.5287       14.5133       7.91811        5.6839       7.15233       15.6985       40.4368       53.0444       20.3664         4.584        3.8995      -9.86792       16.7132      -7.22582       46.9555 -1.62115e-009  -2.9557e-009 -1.58387e-008  -1.5922e-007 -3.61382e-007 -1.35817e-007 -2.79219e-008 -6.18992e-009 -5.01778e-009 -9.02078e-009 -1.35806e-008 -1.31898e-008  -4.8214e-009  9.55796e-009  2.17861e-008  4.02302e-008  1.17987e-007   1.9581e-007  1.96651e-007  2.15095e-007  3.85566e-007  1.22408e-006  4.74111e-006  9.40057e-006   5.3071e-006  1.68323e-006   6.2042e-007  4.19302e-007  6.77369e-007  2.89578e-006  6.34726e-005     -0.664108             0
      0.20665      0.308266       1.38224       12.4011       36.3917       27.4293       15.7152       10.5202       9.32542       10.9338       14.6751        20.111       28.1867       41.1893       59.3077       75.7486       73.7508       47.7267       26.1814       18.9173        23.989       53.1219       138.186       183.204       71.1394        16.205       4.52614       5.08148      -7.22582       25.5679       178.098 -3.94639e-009 -7.20221e-009 -3.86248e-008 -3.88486e-007 -8.81171e-007 -3.30027e-007 -6.70149e-008 -1.43213e-008 -1.16502e-008 -2.15222e-008 -3.27828e-008 -3.20408e-008  -1.1925e-008   2.2528e-008  5.06132e-008  9.26497e-008  2.83714e-007  4.82186e-007  4.91061e-007  5.44796e-007  9.97196e-007  3.26602e-006  1.31259e-005  2.69653e-005  1.57009e-005   5.1134e-006  1.92978e-006  1.33293e-006  2.19749e-006  9.57364e-006   0.000234517      -1.89212             0
      1.60402         2.393       10.7316       96.2999       282.655       213.115       122.172        81.858       72.6531         85.33       114.791       157.791       222.058       326.279       473.236       610.163       601.205       394.847       220.543       162.878       212.031       484.127       1303.85       1796.82       728.592       174.431       51.6783       29.9932       46.9555       178.098       9071.32             0             0             0             0             0             0             0             0             0             0             0             0             0             0             0             0             0             0             0             0             0             0             0             0             0             0             0             0             0             0             0       2.31517             0
 5.54274e-006   0.000227362     0.0014675     0.0119968    0.00894492   -0.00627413   -0.00418433   -0.00186199  -0.000922506  -0.000574366  -0.000409878  -0.000300675  -0.000221305  -0.000161857   -0.00010968 -6.35418e-005 -2.91773e-005 -9.76153e-006 -2.92302e-006 -1.17305e-006 -8.34845e-007 -1.05106e-006 -1.57215e-006 -1.18942e-006 -2.59973e-007 -3.40811e-008 -5.66871e-009  -1.8857e-009 -1.62115e-009 -3.94639e-009             0  1.30045e-005 -2.29537e-006  8.77971e-007  5.70609e-006  1.20348e-005  6.01658e-006  2.15003e-006  8.59891e-007  4.34256e-007  2.77032e-007  1.94689e-007  1.35542e-007  9.42115e-008  6.69168e-008  4.60571e-008  2.77791e-008  1.27009e-008  3.86881e-009  1.00935e-009  3.52758e-010  2.21177e-010  2.48654e-010  3.38662e-010  2.43339e-010  5.31056e-011  7.04585e-012  1.18533e-012  3.97862e-013  3.44421e-013  8.42642e-013             0             0  -0.000179811
 -0.000251602 -5.30574e-005   0.000649273    0.00739407   -0.00463736    -0.0164285   -0.00862734   -0.00378366   -0.00192029     -0.001223  -0.000878545  -0.000639502  -0.000465692  -0.000339498  -0.000232168  -0.000136655 -6.28287e-005 -2.04723e-005 -5.90807e-006 -2.29244e-006 -1.58646e-006 -1.95228e-006 -2.86984e-006 -2.15197e-006 -4.70372e-007 -6.18082e-008 -1.03032e-008 -3.43337e-009  -2.9557e-009 -7.20221e-009             0 -2.29537e-006  5.43416e-006 -1.42684e-006  7.60548e-006  1.62765e-005  8.27127e-006  3.02372e-006  1.23723e-006  6.37331e-007  4.13224e-007  2.94183e-007  2.06932e-007  1.45018e-007  1.03671e-007  7.17084e-008  4.34122e-008  1.99071e-008  6.07952e-009  1.58978e-009  5.56745e-010  3.49703e-010  3.93771e-010  5.37035e-010  3.86233e-010  8.43238e-011  1.11898e-011   1.8827e-012  6.31997e-013  5.47144e-013  1.33869e-012             0             0  -0.000181471
  -0.00166491   -0.00129073   -0.00190493    -0.0027706    -0.0800819    -0.0949308    -0.0459716    -0.0203395    -0.0106061   -0.00691969   -0.00503842   -0.00368184   -0.00268239   -0.00196168   -0.00135372  -0.000806333  -0.000371861  -0.000119588 -3.38061e-005 -1.28536e-005 -8.73725e-006 -1.05883e-005 -1.53769e-005 -1.14585e-005 -2.50518e-006 -3.29818e-007 -5.50762e-008 -1.83788e-008 -1.58387e-008 -3.86248e-008             0  8.77971e-007 -1.42684e-006  9.26823e-006  2.65729e-005  6.38465e-005  3.32705e-005  1.25292e-005  5.27688e-006  2.78841e-006   1.8469e-006  1.33795e-006  9.54454e-007  6.76468e-007  4.87938e-007  3.39855e-007  2.06845e-007  9.52463e-008  2.91887e-008  7.65533e-009  2.68764e-009  1.69175e-009  1.90839e-009  2.60664e-009  1.87667e-009  4.09942e-010  5.44166e-011  9.15766e-012   3.0746e-012  2.66213e-012    6.514e-012             0             0   -0.00110172
   -0.0136436    -0.0130062    -0.0318935     -0.163701     -0.874125     -0.850561     -0.407879     -0.185156    -0.0996857    -0.0668876    -0.0497136    -0.0368254     -0.027091    -0.0199926    -0.0139391   -0.00838869   -0.00388842   -0.00124624   -0.00034951   -0.00013175 -8.88352e-005  -0.000106876  -0.000154294  -0.000114638 -2.50768e-005   -3.306e-006 -5.52734e-007  -1.8462e-007  -1.5922e-007 -3.88486e-007             0  5.70609e-006  7.60548e-006  2.65729e-005   0.000217867   0.000479996   0.000260625   0.000101772  4.43289e-005  2.41379e-005  1.64067e-005  1.21459e-005  8.82018e-006  6.34204e-006  4.62752e-006   3.2525e-006  1.99358e-006  9.23049e-007  2.84107e-007  7.47726e-008  2.63244e-008  1.66071e-008  1.87675e-008  2.56711e-008  1.85016e-008  4.04427e-009  5.37098e-010  9.04188e-011  3.03653e-011   2.6297e-011  6.43562e-011             0             0   -0.00523624
  -0.00936364   -0.00385015     0.0172514      0.262961     -0.386949      -1.02185     -0.588476     -0.286227     -0.159922     -0.110679    -0.0851242    -0.0654281    -0.0497552    -0.0375716    -0.0264575    -0.0159519   -0.00746124   -0.00245456  -0.000711849  -0.000276986  -0.000192005  -0.000236501  -0.000347882  -0.000261167 -5.71989e-005 -7.53035e-006 -1.25717e-006 -4.19416e-007 -3.61382e-007 -8.81171e-007             0  1.20348e-005  1.62765e-005  6.38465e-005   0.000479996    0.00115939   0.000657225   0.000269085   0.000121209  6.79302e-005  4.73685e-005  3.58542e-005   2.6525e-005   1.9362e-005  1.42985e-005  1.01467e-005  6.26712e-006  2.91887e-006  9.02149e-007  2.38088e-007  8.39683e-008  5.30264e-008  5.99539e-008  8.20225e-008  5.91312e-008  1.29334e-008  1.71867e-009  2.89475e-010  9.72512e-011  8.42456e-011  2.06218e-010             0             0   -0.00137059
    0.0080714     0.0144531     0.0711385      0.613604       1.08972      0.278107     0.0296817   0.000153155   -0.00118446   -0.00135013   -0.00255114   -0.00395262   -0.00455798     -0.004169   -0.00295784   -0.00161774  -0.000800394  -0.000362014  -0.000144268 -7.06356e-005 -5.76535e-005 -8.00323e-005  -0.000128136  -0.000100416 -2.20622e-005 -2.88273e-006 -4.77643e-007 -1.58381e-007 -1.35817e-007 -3.30027e-007             0  6.01658e-006  8.27127e-006  3.32705e-005   0.000260625   0.000657225   0.000407238   0.000170417  8.13978e-005  4.74193e-005  3.42443e-005  2.67342e-005  2.03052e-005  1.51457e-005   1.1381e-005  8.18941e-006  5.11468e-006  2.40278e-006  7.47325e-007  1.98088e-007  7.00643e-008  4.43273e-008  5.01707e-008  6.86761e-008  4.95378e-008  1.08448e-008  1.44237e-009  2.43106e-010  8.17163e-011  7.08167e-011  1.73399e-010             0             0    0.00268328
   0.00522182    0.00801592     0.0360005        0.3056      0.688274      0.330105      0.118717     0.0520565     0.0301271     0.0217469     0.0164818      0.011684    0.00797244    0.00561827    0.00405614    0.00265097    0.00122391   0.000319115  5.77969e-005   9.4153e-006 -1.40808e-006 -1.00446e-005 -2.44344e-005  -2.2278e-005  -4.9458e-006 -6.30901e-007 -1.01955e-007 -3.31089e-008 -2.79219e-008 -6.70149e-008             0  2.15003e-006  3.02372e-006  1.25292e-005   0.000101772   0.000269085   0.000170417  8.36522e-005  3.63499e-005  2.37948e-005   1.7978e-005   1.4617e-005  1.15002e-005  8.83596e-006  6.80289e-006  4.99204e-006  3.16695e-006  1.50626e-006  4.72989e-007  1.26288e-007  4.49136e-008  2.85314e-008  3.23898e-008  4.44351e-008  3.21074e-008  7.03916e-009  9.37299e-010  1.58118e-010  5.31851e-011   4.6115e-011  1.12959e-010             0             0    0.00201967
   0.00233778    0.00332174     0.0141029         0.119       0.31577      0.193491     0.0829136     0.0394412     0.0236031     0.0175254     0.0138332     0.0103521    0.00747873    0.00548881    0.00399399    0.00258363    0.00120926   0.000339866  7.33816e-005  1.88725e-005  7.11811e-006  2.45307e-006 -3.79404e-006  -5.9027e-006 -1.35589e-006 -1.64334e-007 -2.50158e-008 -7.69274e-009 -6.18992e-009 -1.43213e-008             0  8.59891e-007  1.23723e-006  5.27688e-006  4.43289e-005   0.000121209  8.13978e-005  3.63499e-005  2.54458e-005  1.05602e-005  1.04293e-005  8.88754e-006  7.29005e-006  5.80547e-006  4.60569e-006  3.46366e-006  2.24121e-006  1.08291e-006  3.44326e-007  9.28421e-008  3.32726e-008  2.12623e-008  2.42488e-008  3.33843e-008  2.41871e-008  5.31326e-009  7.08542e-010  1.19663e-010   4.0285e-011  3.49526e-011  8.56596e-011             0             0   0.000762378
   0.00117808    0.00149281    0.00564654     0.0455162      0.154853      0.123312     0.0604848      0.030375     0.0185737     0.0140398     0.0113556     0.0087484    0.00648611    0.00483351    0.00352707    0.00227795     0.0010711   0.000305132  6.71771e-005  1.77444e-005  7.03496e-006  3.01754e-006 -2.25561e-006   -4.522e-006 -1.07203e-006 -1.31251e-007 -2.01031e-008 -6.21176e-009 -5.01778e-009 -1.16502e-008             0  4.34256e-007  6.37331e-007  2.78841e-006  2.41379e-005  6.79302e-005  4.74193e-005  2.37948e-005  1.05602e-005  1.40538e-005  4.95022e-006  6.73448e-006  5.78869e-006  4.80379e-006  3.94776e-006  3.05749e-006  2.02657e-006  9.98401e-007  3.22433e-007  8.80194e-008  3.18524e-008  2.05102e-008  2.35303e-008  3.25447e-008  2.36612e-008  5.21111e-009  6.96258e-010   1.1776e-010  3.96884e-011   3.4464e-011  8.45165e-011             0             0   3.2311e-005
  0.000750482   0.000784875    0.00219403     0.0140282     0.0878585      0.098745     0.0549833     0.0289471     0.0180298     0.0138292     0.0114215     0.0090292    0.00684799    0.00516443    0.00376865    0.00242582    0.00114298   0.000327393  7.21033e-005  1.87798e-005  7.06326e-006  2.20398e-006 -4.57259e-006 -6.84823e-006 -1.63868e-006 -2.09474e-007 -3.35496e-008   -1.079e-008 -9.02078e-009 -2.15222e-008             0  2.77032e-007  4.13224e-007   1.8469e-006  1.64067e-005  4.73685e-005  3.42443e-005   1.7978e-005  1.04293e-005  4.95022e-006  1.17738e-005  3.75027e-006  5.70211e-006  4.95385e-006   4.2384e-006  3.39762e-006  2.31776e-006  1.16915e-006  3.84875e-007  1.06688e-007  3.90795e-008   2.5405e-008  2.93639e-008  4.08487e-008  2.98301e-008  6.59147e-009  8.82891e-010  1.49611e-010  5.04958e-011  4.38972e-011   1.0774e-010             0             0  -0.000244093
  0.000549189   0.000422442   0.000282619   -0.00451273     0.0506409      0.089822     0.0559722     0.0307746     0.0195781     0.0152962     0.0129563     0.0105757    0.00827438    0.00637433    0.00468712    0.00302183    0.00143585   0.000418642   9.4104e-005  2.49994e-005  9.61555e-006  3.22028e-006 -5.85042e-006 -9.19906e-006 -2.26784e-006 -2.97869e-007 -4.88193e-008 -1.59997e-008 -1.35806e-008 -3.27828e-008             0  1.94689e-007  2.94183e-007  1.33795e-006  1.21459e-005  3.58542e-005  2.67342e-005   1.4617e-005  8.88754e-006  6.73448e-006  3.75027e-006  1.14174e-005  3.45232e-006  5.48511e-006  4.90882e-006  4.09424e-006  2.88971e-006  1.49994e-006  5.05545e-007  1.42842e-007  5.31284e-008   3.4958e-008  4.07903e-008  5.71645e-008  4.19825e-008  9.31689e-009  1.25206e-009  2.12702e-010   7.1928e-011  6.26202e-011  1.53865e-010             0             0  -0.000240091
  0.000413631   0.000188449   -0.00094087    -0.0166974     0.0242293     0.0824489     0.0564389     0.0322493     0.0209964      0.016777     0.0146471      0.012432     0.0101384    0.00808788    0.00608248    0.00398098    0.00193462   0.000585889   0.000138632  3.95263e-005  1.73092e-005   9.6106e-006 -6.58546e-007 -7.46736e-006 -2.06686e-006 -2.79904e-007 -4.65861e-008 -1.54255e-008 -1.31898e-008 -3.20408e-008             0  1.35542e-007  2.06932e-007  9.54454e-007  8.82018e-006   2.6525e-005  2.03052e-005  1.15002e-005  7.29005e-006  5.78869e-006  5.70211e-006  3.45232e-006  1.11527e-005  3.25115e-006  5.45893e-006  4.76212e-006  3.49766e-006  1.87902e-006  6.51942e-007  1.88669e-007  7.15488e-008  4.78146e-008  5.64802e-008  7.99164e-008  5.91303e-008  1.31976e-008  1.78138e-009  3.03643e-010  1.02945e-010  8.98002e-011  2.20979e-010             0             0 -5.27766e-005
  0.000314153  2.88854e-005   -0.00174365    -0.0247836    0.00456877     0.0750442     0.0555956     0.0327925     0.0217821     0.0177628     0.0159606     0.0140895     0.0120124    0.00998779    0.00775633    0.00521108    0.00262015   0.000834343   0.000210344  6.49925e-005  3.22237e-005   2.3931e-005  1.44562e-005  6.88618e-007 -5.45601e-007 -9.19359e-008 -1.62807e-008 -5.54983e-009  -4.8214e-009  -1.1925e-008             0  9.42115e-008  1.45018e-007  6.76468e-007  6.34204e-006   1.9362e-005  1.51457e-005  8.83596e-006  5.80547e-006  4.80379e-006  4.95385e-006  5.48511e-006  3.25115e-006  1.10007e-005  3.27435e-006  5.34553e-006  4.10975e-006  2.29961e-006  8.26502e-007  2.46407e-007  9.57671e-008  6.52851e-008  7.83522e-008  1.12263e-007  8.38818e-008  1.88647e-008  2.56125e-009  4.38546e-010  1.49197e-010   1.3049e-010  3.21756e-010             0             0   0.000181235
